,ncpid,nuc_size,state,circ_size,loop_size,twist_cluster,eo,eopt,eopt_elastic,eopt_tilt,eopt_roll,eopt_twist,eopt_shift,eopt_slide,eopt_rise,wr,tw,lk,eopt_bend
0,circ,0,lk31,336,336,0,2594.323484,19.74485,19.7449,4.117506,4.117495,11.506437,0.001706,0.001706,0.0,-3.29662e-08,31.0,31,8.235001
1,circ,0,lk31,337,337,0,2593.869064,21.976251,21.9763,4.105284,4.105281,13.761629,0.002028,0.002028,0.0,-9.11239e-09,31.0,31,8.210564999999999
2,circ,0,lk31,338,338,0,2593.564684,24.402022,24.402,4.093137,4.093144,16.21099,0.002375,0.002375,0.0,-2.72996e-07,31.0,31,8.186281
3,circ,0,lk31,339,339,0,2593.420638,13.98294,13.9829,4.081064,4.081063,5.819118,0.000848,0.000848,0.0,1.11716e-09,33.0,33,8.162127
4,circ,0,lk31,340,340,0,2593.440786,12.497376,12.4974,4.069059,4.069064,4.357991,0.000631,0.000631,0.0,1.15531e-11,33.0,33,8.138123
5,circ,0,lk31,341,341,0,2593.622895,11.226259,11.2263,4.057127,4.057131,3.111105,0.000448,0.000448,0.0,6.11808e-10,33.0,33,8.114258
6,circ,0,lk31,342,342,0,2593.958387,10.167709,10.1677,4.045259,4.045273,2.076584,0.000297,0.000297,0.0,2.06864e-09,33.0,33,8.090532
7,circ,0,lk31,343,343,0,2594.431312,9.31987,9.31987,4.03347,4.033473,1.252571,0.000178,0.000178,0.0,2.09901e-10,33.0,33,8.066943
8,circ,0,lk31,344,344,0,2595.016195,8.680905,8.68091,4.021744,4.021748,0.637233,9e-05,9e-05,0.0,1.35154e-11,33.0,33,8.043492
9,circ,0,lk31,345,345,0,2595.674207,8.249,8.249,4.010088,4.010089,0.228758,3.2e-05,3.2e-05,0.0,9.86778e-11,33.0,33,8.020177
10,circ,0,lk31,346,346,0,2596.347225,8.022359,8.02236,3.998503,3.998495,0.025354,4e-06,4e-06,0.0,-5.43072e-11,33.0,33,7.996998
11,circ,0,lk31,347,347,0,2596.951873,7.999208,7.99921,3.986977,3.986973,0.025251,4e-06,4e-06,0.0,-2.30244e-10,33.0,33,7.97395
12,circ,0,lk31,348,348,0,2597.386079,8.17779,8.17779,3.97551,3.975519,0.226698,3.1e-05,3.1e-05,0.0,-7.88868e-10,33.0,33,7.951029
13,circ,0,lk31,349,349,0,2597.567582,8.556386,8.55639,3.964122,3.964127,0.627965,8.6e-05,8.6e-05,0.0,-3.47656e-10,33.0,33,7.928249
14,circ,0,lk31,350,350,0,2597.475111,9.133273,9.13327,3.952799,3.952799,1.22734,0.000168,0.000168,0.0,-8.03878e-11,33.0,33,7.905598
15,circ,0,lk31,351,351,0,2597.140502,9.906757,9.90676,3.941536,3.941539,2.023132,0.000275,0.000275,0.0,-3.5968e-10,33.0,33,7.883075
16,circ,0,lk31,352,352,0,2596.620856,10.875164,10.8752,3.930342,3.930339,3.013668,0.000407,0.000407,0.0,-2.32749e-10,33.0,33,7.860681
17,circ,0,lk31,353,353,0,2595.981462,12.036837,12.0368,3.919208,3.919205,4.197296,0.000564,0.000564,0.0,-5.22696e-10,33.0,33,7.838412999999999
18,circ,0,lk31,354,354,0,2595.286359,13.390141,13.3901,3.908139,3.908132,5.572381,0.000744,0.000744,0.0,-4.35521e-10,33.0,33,7.816271
19,circ,0,lk31,355,355,0,2594.592498,14.933456,14.9335,3.89713,3.897124,7.137306,0.000948,0.000948,0.0,-3.10209e-09,33.0,33,7.7942540000000005
20,circ,0,lk31,356,356,0,2593.94687,16.665182,16.6652,3.88618,3.886181,8.890473,0.001174,0.001174,0.0,-1.09481e-09,33.0,33,7.772361
21,circ,0,lk31,357,357,0,2593.38598,18.583737,18.5837,3.875297,3.875292,10.830303,0.001422,0.001422,0.0,-8.90901e-10,33.0,33,7.750589
22,circ,0,lk31,358,358,0,2592.936682,20.687556,20.6876,3.864473,3.864467,12.955232,0.001692,0.001692,0.0,-9.79683e-09,33.0,33,7.72894
23,circ,0,lk31,359,359,0,2592.617491,22.975091,22.9751,3.853705,3.853708,15.263714,0.001982,0.001982,0.0,-8.35524e-08,33.0,33,7.707413000000001
24,circ,0,lk31,360,360,0,2592.439843,13.167462,13.1675,3.843003,3.843,5.480044,0.000708,0.000708,0.0,1.41725e-09,35.0,35,7.6860029999999995
25,circ,0,lk31,361,361,0,2592.409022,11.770527,11.7705,3.832358,3.832356,4.104758,0.000527,0.000527,0.0,1.5328e-09,35.0,35,7.664714
26,circ,0,lk31,362,362,0,2592.52467,10.575116,10.5751,3.821775,3.821765,2.930827,0.000374,0.000374,0.0,9.93186e-10,35.0,35,7.64354
27,circ,0,lk31,363,363,0,2592.780759,9.579565,9.57956,3.811244,3.811239,1.956585,0.000248,0.000248,0.0,9.96958e-10,35.0,35,7.622483
28,circ,0,lk31,364,364,0,2593.164953,8.782229,8.78223,3.800766,3.800777,1.180388,0.000149,0.000149,0.0,-1.6304e-10,35.0,35,7.6015429999999995
29,circ,0,lk31,365,365,0,2593.657126,8.181479,8.18148,3.790347,3.790369,0.600612,7.5e-05,7.5e-05,0.0,5.99768e-10,35.0,35,7.580716000000001
30,circ,0,lk31,366,366,0,2594.226741,7.775705,7.77571,3.779999,3.780004,0.215648,2.7e-05,2.7e-05,0.0,1.02993e-09,35.0,35,7.560003
31,circ,0,lk31,367,367,0,2594.828834,7.563315,7.56331,3.769708,3.769695,0.023906,3e-06,3e-06,0.0,-2.76662e-10,35.0,35,7.539403
32,circ,0,lk31,368,368,0,2595.399549,7.542731,7.54273,3.759456,3.759459,0.023811,3e-06,3e-06,0.0,-1.96339e-10,35.0,35,7.518915
33,circ,0,lk31,369,369,0,2595.856993,7.712396,7.7124,3.749271,3.749266,0.213807,2.6e-05,2.6e-05,0.0,-3.33923e-10,35.0,35,7.498537
34,circ,0,lk31,370,370,0,2596.119935,8.070767,8.07077,3.739135,3.739132,0.592355,7.2e-05,7.2e-05,0.0,-1.94499e-09,35.0,35,7.478267000000001
35,circ,0,lk31,371,371,0,2596.142067,8.616324,8.61632,3.729056,3.729055,1.157932,0.000141,0.000141,0.0,-1.93014e-10,35.0,35,7.458111
36,circ,0,lk31,372,372,0,2595.927605,9.347554,9.34755,3.719036,3.719027,1.909029,0.000231,0.000231,0.0,-6.12706e-11,35.0,35,7.438063
37,circ,0,lk31,373,373,0,2595.518015,10.262964,10.263,3.709062,3.70906,2.844157,0.000342,0.000342,0.0,-9.0941e-10,35.0,35,7.418122
38,circ,0,lk31,374,374,0,2594.972556,11.361077,11.3611,3.699145,3.699144,3.961841,0.000474,0.000474,0.0,-2.22514e-10,35.0,35,7.398289
39,circ,0,lk31,375,375,0,2594.353802,12.640434,12.6404,3.68928,3.68928,5.260621,0.000626,0.000626,0.0,-1.85444e-09,35.0,35,7.37856
40,circ,0,lk31,376,376,0,2593.718827,14.099587,14.0996,3.679469,3.679468,6.739054,0.000798,0.000798,0.0,-8.92382e-10,35.0,35,7.358937
41,circ,0,lk31,377,377,0,2593.115097,15.737108,15.7371,3.669708,3.669709,8.395713,0.000989,0.000989,0.0,-7.46265e-10,35.0,35,7.339417
42,circ,0,lk31,378,378,0,2592.579595,17.551581,17.5516,3.660002,3.659999,10.229183,0.001198,0.001198,0.0,-4.62175e-09,35.0,35,7.3200009999999995
43,circ,0,lk32,336,336,0,2597.581679,8.234998,8.235,4.117494,4.117504,0.0,0.0,0.0,0.0,-4.96792e-10,32.0,32,8.234998000000001
44,circ,0,lk32,337,337,0,2598.11091,8.314626,8.31463,4.105286,4.105279,0.10403,1.5e-05,1.5e-05,0.0,-9.19411e-11,32.0,32,8.210565
45,circ,0,lk32,338,338,0,2598.381884,8.601346,8.60135,4.09314,4.093135,0.41495,6.1e-05,6.1e-05,0.0,-1.66834e-10,32.0,32,8.186275
46,circ,0,lk32,339,339,0,2598.354948,9.093329,9.09333,4.081062,4.081064,0.930931,0.000136,0.000136,0.0,-6.68584e-11,32.0,32,8.162126
47,circ,0,lk32,340,340,0,2598.058864,9.788765,9.78876,4.069068,4.069052,1.650167,0.000239,0.000239,0.0,4.76237e-10,32.0,32,8.13812
48,circ,0,lk32,341,341,0,2597.552604,10.685866,10.6859,4.057134,4.05712,2.570872,0.00037,0.00037,0.0,-1.98387e-11,32.0,32,8.114253999999999
49,circ,0,lk32,342,342,0,2596.903479,11.782864,11.7829,4.045268,4.045259,3.69128,0.000528,0.000528,0.0,-6.91029e-10,32.0,32,8.090527
50,circ,0,lk32,343,343,0,2596.17836,13.078011,13.078,4.033471,4.033469,5.009646,0.000713,0.000713,0.0,-3.42962e-10,32.0,32,8.066939999999999
51,circ,0,lk32,344,344,0,2595.438266,14.56958,14.5696,4.021747,4.021742,6.524246,0.000923,0.000923,0.0,-6.17685e-09,32.0,32,8.043489000000001
52,circ,0,lk32,345,345,0,2594.734978,16.255865,16.2559,4.010088,4.010086,8.233375,0.001158,0.001158,0.0,-2.48179e-09,32.0,32,8.020174
53,circ,0,lk32,346,346,0,2594.109781,18.135178,18.1352,3.998497,3.998497,10.135349,0.001417,0.001417,0.0,-3.68335e-09,32.0,32,7.996994
54,circ,0,lk32,347,347,0,2593.593808,20.20585,20.2058,3.98697,3.986978,12.228502,0.0017,0.0017,0.0,-1.29007e-08,32.0,32,7.973948
55,circ,0,lk32,348,348,0,2593.20917,22.466234,22.4662,3.975516,3.975518,14.511188,0.002006,0.002006,0.0,-1.03167e-08,32.0,32,7.951034
56,circ,0,lk32,349,349,0,2592.970244,24.914702,24.9147,3.967221,3.967225,16.975589,0.002334,0.002334,1e-06,-0.000225608,32.0002,32,7.934445999999999
57,circ,0,lk32,350,350,0,2592.88473,12.816928,12.8169,3.952802,3.952797,4.909987,0.000671,0.000671,0.0,2.04762e-09,34.0,34,7.9055990000000005
58,circ,0,lk32,351,351,0,2592.954315,11.481149,11.4811,3.941537,3.941538,3.597096,0.000489,0.000489,0.0,2.22049e-09,34.0,34,7.883075
59,circ,0,lk32,352,352,0,2593.174839,10.352271,10.3523,3.930338,3.930341,2.490919,0.000336,0.000336,0.0,1.82384e-10,34.0,34,7.860678999999999
60,circ,0,lk32,353,353,0,2593.535847,9.428539,9.42854,3.9192,3.919211,1.589701,0.000214,0.000214,0.0,5.93145e-10,34.0,34,7.838411
61,circ,0,lk32,354,354,0,2594.019337,8.708213,8.70821,3.908137,3.908132,0.891706,0.000119,0.000119,0.0,6.37232e-10,34.0,34,7.816269
62,circ,0,lk32,355,355,0,2594.597359,8.189575,8.18957,3.897119,3.897132,0.395219,5.2e-05,5.2e-05,0.0,-1.07349e-09,34.0,34,7.794251
63,circ,0,lk32,356,356,0,2595.228033,7.870926,7.87093,3.886179,3.886178,0.098542,1.3e-05,1.3e-05,0.0,1.62701e-12,34.0,34,7.7723569999999995
64,circ,0,lk32,357,357,0,2595.850157,7.750586,7.75059,3.875288,3.875299,0.0,0.0,0.0,0.0,4.09271e-11,34.0,34,7.7505869999999994
65,circ,0,lk32,358,358,0,2596.380421,7.826899,7.8269,3.864474,3.864466,0.097933,1.3e-05,1.3e-05,0.0,-1.30256e-10,34.0,34,7.72894
66,circ,0,lk32,359,359,0,2596.726829,8.098213,8.09821,3.853711,3.853701,0.3907,5.1e-05,5.1e-05,0.0,-7.28293e-10,34.0,34,7.707412
67,circ,0,lk32,360,360,0,2596.826455,8.562908,8.56291,3.843002,3.843,0.87668,0.000113,0.000113,0.0,-1.66797e-10,34.0,34,7.686002
68,circ,0,lk32,361,361,0,2596.67172,9.21938,9.21938,3.832361,3.83235,1.554269,0.0002,0.0002,0.0,-2.78596e-10,34.0,34,7.6647110000000005
69,circ,0,lk32,362,362,0,2596.298717,10.066038,10.066,3.821767,3.82177,2.421882,0.000309,0.000309,0.0,-1.6515e-10,34.0,34,7.643537
70,circ,0,lk32,363,363,0,2595.765164,11.101312,11.1013,3.81124,3.811241,3.477948,0.000442,0.000442,0.0,-6.414e-10,34.0,34,7.6224810000000005
71,circ,0,lk32,364,364,0,2595.135134,12.323649,12.3236,3.800769,3.80077,4.720917,0.000596,0.000596,0.0,-3.42948e-09,34.0,34,7.601539
72,circ,0,lk32,365,365,0,2594.469508,13.731512,13.7315,3.790364,3.790349,6.149253,0.000773,0.000773,0.0,-8.83349e-09,34.0,34,7.580712999999999
73,circ,0,lk32,366,366,0,2593.820694,15.32338,15.3234,3.779998,3.780003,7.76144,0.00097,0.00097,0.0,-1.14384e-08,34.0,34,7.560001
74,circ,0,lk32,367,367,0,2593.230695,17.09775,17.0978,3.769699,3.769702,9.555974,0.001188,0.001188,0.0,-3.43507e-10,34.0,34,7.539401
75,circ,0,lk32,368,368,0,2592.731319,19.053136,19.0531,3.759454,3.759459,11.531372,0.001425,0.001425,0.0,-2.79319e-08,34.0,34,7.5189129999999995
76,circ,0,lk32,369,369,0,2592.345376,21.188066,21.1881,3.749267,3.74927,13.686164,0.001683,0.001683,0.0,-6.31637e-09,34.0,34,7.498537000000001
77,circ,0,lk32,370,370,0,2592.088052,23.501105,23.5011,3.755171,3.755172,15.986841,0.001959,0.001959,3e-06,-0.001239,34.0012,34,7.510343
78,circ,0,lk32,371,371,0,2591.968079,12.091592,12.0916,3.72905,3.729062,4.632353,0.000563,0.000563,0.0,1.66639e-09,36.0,36,7.458112
79,circ,0,lk32,372,372,0,2591.988515,10.833129,10.8331,3.719031,3.719032,3.394246,0.000411,0.000411,0.0,9.03882e-10,36.0,36,7.438063
80,circ,0,lk32,373,373,0,2592.147067,9.769513,9.76951,3.709063,3.709058,2.350826,0.000283,0.000283,0.0,5.19786e-10,36.0,36,7.418121
81,circ,0,lk32,374,374,0,2592.435886,8.89918,8.89918,3.699141,3.699146,1.500534,0.00018,0.00018,0.0,2.13942e-09,36.0,36,7.398287
82,circ,0,lk32,375,375,0,2592.840728,8.220583,8.22058,3.689276,3.689282,0.841824,0.0001,0.0001,0.0,1.74653e-10,36.0,36,7.378558
83,circ,0,lk32,376,376,0,2593.339249,7.732192,7.73219,3.679464,3.67947,0.37317,4.4e-05,4.4e-05,0.0,4.5284e-10,36.0,36,7.358934
84,circ,0,lk32,377,377,0,2593.898194,7.432497,7.4325,3.669705,3.669709,0.09306,1.1e-05,1.1e-05,0.0,1.57156e-10,36.0,36,7.339414
85,circ,0,lk32,378,378,0,2594.469485,7.319998,7.32,3.659996,3.660002,0.0,0.0,0.0,0.0,3.43913e-11,36.0,36,7.319998
