141 # base-pairs
0 # ***local base-pair & step parameters***
#        Shear   Stretch   Stagger    Buckle   Prop-Tw   Opening     Shift     Slide      Rise      Tilt      Roll     Twist
A-T      0.066    -0.105    -0.325     7.186   -14.363     5.753       0.0       0.0       0.0       0.0       0.0       0.0
A-T     -0.003      -0.1     0.192     3.612   -10.756     1.663    -0.538     0.255     3.265    -5.567     2.173    34.668
T-A      0.002    -0.405     0.101      9.23    -6.731     2.162     0.587    -0.544     3.248     2.935    -2.176    34.668
A-T      0.343    -0.049     0.485     5.135   -15.533     0.178     0.062    -0.175     3.333     -1.97    -5.696    34.668
T-A      0.205    -0.083       0.3      2.46   -10.158     0.341     0.241    -0.797     3.349     0.511     -3.19    34.668
C-G       0.36    -0.096      0.04    -1.162    -8.479     3.251     0.196    -0.305     3.244      2.48     -1.18    34.668
C-G      0.255    -0.242    -0.159     1.269    -0.885    -4.521    -0.193    -0.061     3.235     0.687     7.493    34.668
A-T      0.569     0.003     0.178     4.207     -7.34     -1.95     -0.48     0.307     3.254    -4.262     5.642    34.668
C-G     -0.129     0.022     0.016     1.853    -6.266     4.936     0.518    -0.778     3.379      0.41     4.462    34.668
C-G      0.282    -0.064      0.36    -5.881   -11.391     5.611     0.379    -0.586     3.368     1.256     8.874    34.668
T-A     -0.403    -0.132     0.351   -13.274   -15.494     2.223    -0.625     0.273     3.473     0.923     9.794    34.668
G-C     -0.762    -0.091     0.179    -9.023    -3.941     1.399     0.223     1.413     3.206    -0.262     -6.25    34.668
C-G      0.269    -0.077    -0.116     5.838    -5.864    -0.942     -0.19     0.288      2.99     4.288     4.756    34.668
A-T      0.008     0.275     0.499    14.028   -14.992    -3.062     0.074     2.471     3.197    -2.795   -11.146    34.668
G-C     -0.126     0.129     0.276      8.36   -18.296    -3.151     0.752    -0.129     3.518     0.759    -2.172    34.668
A-T      0.395    -0.018     0.058    -4.763   -12.703     2.246     0.658    -0.348      3.53     2.345    -4.206    34.668
T-A      0.737     -0.29    -0.331    -1.065    -7.512     5.084     0.257    -0.436      3.15     3.869    -2.866    34.668
A-T     -0.183     -0.36    -0.193    -8.171    -7.493     6.861    -0.166    -0.857     3.405     -2.54    10.904    34.668
C-G      -0.04     0.056    -0.136    -2.478   -10.095    -2.822    -1.065    -0.491     3.023    -3.488    12.675    34.668
T-A      0.172       0.2      0.23    -0.526    -6.523     3.571     0.186     -0.48     3.572    -2.499    -2.243    34.668
A-T     -0.021    -0.051    -0.039    -8.705   -10.569     1.437    -0.045    -1.055     3.134     3.257    17.845    34.668
C-G      -0.14     0.008    -0.112     1.288   -11.597    -1.568    -0.068    -0.368     3.076     0.166     1.043    34.668
C-G      0.063    -0.204    -0.086     2.219   -11.832    -1.446     0.098     0.177     3.421     6.633     7.828    34.668
A-T     -0.009     0.161     0.617    19.038   -23.086     1.237     0.287     2.462     2.996     -2.61    -8.459    34.668
A-T      0.228     0.004     0.319    10.042   -17.055    -4.703    -0.124     0.256     3.545    -2.505    -1.988    34.668
A-T      0.458      0.09    -0.228    -1.288   -25.869     0.905     0.201    -0.308     3.587     5.059    -6.928    34.668
A-T      0.103    -0.241    -0.484    -0.749    -8.068    -1.453     0.356    -0.232     3.246    -0.019     2.648    34.668
G-C      0.301    -0.221    -0.966   -20.747   -13.064    -1.438    -0.308    -0.143     3.801     -0.18     7.532    34.668
T-A     -0.216     0.343    -0.527    -2.875   -10.105     4.425    -0.166     -0.51     2.748    -2.291     6.104    34.668
G-C     -0.498     0.054      1.14    -5.266    -2.835     7.069     0.349    -0.469     3.233   -13.411     5.728    34.668
T-A     -0.377     0.018    -0.144     5.368    -2.191    -3.354    -0.582    -0.863     3.377     8.331     5.597    34.668
A-T      0.203     0.043    -0.145   -10.496   -17.844      1.77     0.521    -0.358     3.622     3.032     5.241    34.668
T-A      0.071    -0.144     0.056    -0.013     -7.79     0.704    -0.047    -0.528     2.922    -2.732       2.9    34.668
T-A     -0.083    -0.181     0.159   -16.016   -12.763    -3.934     0.013    -0.282     3.661     1.578    -2.991    34.668
T-A     -0.105    -0.081      0.29    -3.928   -18.112     2.571    -0.176    -0.182     3.022    -0.298     -0.67    34.668
G-C     -0.199    -0.149     0.442     1.866    -12.42    -0.837    -0.433     2.584     3.248    -2.301   -18.426    34.668
G-C     -0.273    -0.134    -0.236     4.282    -3.432     1.981     0.946     0.859     3.472      2.05     7.004    34.668
A-T      0.111     0.007     0.114     10.02   -17.984     4.024     -1.23     0.922     3.196    -4.816    -0.679    34.668
A-T     -0.027     0.265    -0.087     6.716   -20.845     1.641    -0.023    -0.206     3.413    -0.862      4.49    34.668
A-T      0.122     0.382     0.295    10.689    -13.91     1.878     0.332     0.188     3.013     1.395     8.822    34.668
C-G      0.218     0.157    -0.555     15.16   -13.087     3.177     0.244    -0.515     3.271     4.617     8.714    34.668
T-A      0.112     -0.04      0.01     6.687   -12.823     8.003     1.266     0.015      3.41      2.31    17.047    34.668
G-C     -0.028    -0.228    -0.022    -2.574   -22.453     -1.77    -1.669     0.815     3.253    -5.854     3.065    34.668
C-G      0.285    -0.419     0.126    -2.545    -8.541    -4.861     0.592     0.994     3.369     1.357    -2.342    34.668
T-A      -0.01    -0.098     0.351    -5.229   -26.403    -1.927     -1.15     0.481     3.308    -4.669    -4.427    34.668
C-G      0.601    -0.078     -0.16    -2.366    -8.824     2.879     1.333     0.973     3.134     6.123    -1.237    34.668
C-G       0.57    -0.045     -0.27     0.997   -13.282    -0.241    -1.197      0.43     3.421    -5.767    -2.273    34.668
A-T      0.494    -0.027    -0.422    -3.699    -3.778    -6.105    -0.231     0.136     3.559     0.442     4.151    34.668
T-A     -1.247     0.182    -0.515     8.379     -7.61    -1.239     0.729    -0.401     2.877     2.858     6.003    34.668
C-G      0.279    -0.508    -0.351    10.088   -12.901     1.267     -0.34     -0.24     3.249     -4.02     8.838    34.668
A-T      0.326    -0.449    -0.796   -13.133   -14.259     4.447     0.193     0.253     3.903     7.219    12.448    34.668
A-T      1.351     0.142    -0.705   -10.289   -10.253    11.434     0.782     1.052     3.349     3.352    23.805    34.668
A-T      0.002     0.051      0.22     2.778   -22.412    -2.258    -0.999     0.481     2.833    -9.826    -1.559    34.668
A-T      0.152     0.142     0.005    -2.669   -21.983      -4.2    -0.343    -0.097     3.399     3.046     7.812    34.668
G-C     -0.499    -0.214     0.641    18.227     2.925     0.763     1.556     0.616     2.963     2.205   -12.385    34.668
G-C      0.278     0.259     0.748     0.457   -37.171    -6.303    -1.318     1.084     4.014    -1.605    -3.217    34.668
C-G     -0.347    -0.242    -0.119    -9.582     -9.03     1.195     1.498     0.683     3.785     6.114   -12.521    34.668
A-T     -0.129    -0.219    -0.179   -11.732   -11.232     1.142    -1.269     0.723     3.362    -6.124      7.92    34.668
T-A     -0.309    -0.017     0.018    -4.663   -13.463     0.729    -0.366    -0.523     3.121    -3.021    -0.302    34.668
G-C     -0.372    -0.152    -0.557   -14.596   -12.588     6.299     0.156     0.512       3.6     0.849    10.292    34.668
T-A     -0.115    -0.112    -0.131    -0.744   -15.691     3.624    -0.227    -0.423     2.963    -5.461     4.173    34.668
T-A     -0.133    -0.078     0.067    -4.705   -12.738     1.712    -0.266     0.029     3.475    -0.082     8.546    34.668
C-G       0.14    -0.161    -0.319     5.221    -8.102     1.718     0.524     0.201     3.078     3.571     5.404    34.668
A-T      0.348    -0.279    -0.155     8.312   -13.024     0.605     0.723     0.893     3.319     4.726     9.589    34.668
G-C     -0.212    -0.064     0.277     0.751   -24.765    -0.037    -0.975     1.559     3.389    -3.863    -4.132    34.668
C-G      0.137    -0.153     0.278    -1.373    -8.788    -2.954     1.016     1.301     3.415     1.515    -6.107    34.668
T-A     -0.176     -0.11     0.266    -2.514   -22.311     -3.31    -0.808     0.512     3.313    -1.378    -2.692    34.668
G-C     -0.426    -0.148    -0.099    -4.206    -3.804     2.509     0.875     1.755     3.401     3.783    -2.562    34.668
G-C      0.277    -0.119     0.138     5.044     -7.25    -0.473     0.242     0.291     3.177    -3.523     6.915    34.668
A-T     -0.084    -0.069     0.041    -1.492     -8.88     1.175    -0.577    -0.049     3.387    -2.938     5.899    34.668
A-T      0.641    -0.175     0.293    -2.424    -7.412     0.534    -0.155    -0.312     3.296    -2.801     4.589    34.668
T-A      0.114    -0.079     0.002     0.932   -13.012     2.506    -0.125    -1.059     3.161     3.168     6.999    34.668
C-G      0.188    -0.112     0.015    -0.559   -13.133    -1.071    -0.267    -0.199      3.35     0.709     6.231    34.668
C-G      0.268    -0.133      0.03     2.176    -3.559     0.812     0.188     0.091     3.282     2.365     6.741    34.668
A-T      0.221    -0.035     0.123     0.324   -21.701    -3.878    -0.908     1.742     3.448    -2.552     -2.02    34.668
G-C     -0.233     -0.18     0.346     5.224    -4.556    -2.174     1.115     0.527     3.191     -0.49    -5.023    34.668
C-G       0.16    -0.156     0.233      0.06   -26.263     -1.89    -1.265     1.294     3.461    -0.738    -6.479    34.668
T-A      0.037    -0.182    -0.145    -2.555    -9.601     0.229     1.279     1.572     3.359     4.063    -4.845    34.668
G-C     -0.133    -0.089     0.182     4.285    -5.473     2.124     -0.64     0.778     3.209    -6.628     7.299    34.668
A-T      0.152    -0.208    -0.191     1.963   -12.189     0.891    -0.487     0.089     3.444      1.25     7.332    34.668
A-T      0.034     0.093    -0.363     3.167   -18.867       6.0     0.381     0.126      3.27     1.661       9.7    34.668
C-G      0.201     -0.08    -0.037     -0.82   -14.515     4.364    -0.084    -0.404     3.409    -3.365     6.672    34.668
A-T      0.031    -0.035    -0.011    -1.941   -12.434     4.219    -0.471     0.569     3.423    -0.365     9.079    34.668
T-A     -0.144    -0.137     0.024     3.104   -10.843     0.198     0.109    -0.455     3.199    -0.006     0.689    34.668
G-C     -0.131    -0.151      0.08     -0.61    -3.482     0.671     0.933      0.44     3.563     2.174     4.676    34.668
C-G      0.265    -0.165     0.631     3.694   -28.024    -3.373    -1.295     0.515     3.313    -3.006    -7.022    34.668
C-G      0.277    -0.231     0.418    -8.125   -14.552    -0.101     0.481     1.942     3.655     1.074    -8.317    34.668
T-A     -0.334    -0.132     0.065   -11.846     -17.5     1.214    -0.362     1.659      3.47    -2.003    -9.276    34.668
T-A     -0.019    -0.086      0.01    -1.981   -13.425     0.369     0.085     0.194     3.162    -3.204     3.705    34.668
T-A     -0.117     0.028    -0.128    -6.542   -14.028     6.103     0.522    -0.075     3.329     1.837    10.623    34.668
T-A      0.113    -0.126    -0.377    -3.499   -10.508     6.878    -0.038     0.456     3.275     1.478    11.255    34.668
G-C     -0.336     0.107    -1.002   -20.519   -10.331     2.265      0.03     -0.53     3.812     2.105    21.628    34.668
A-T      0.007    -0.235    -0.359   -12.463    -8.094     -2.24     0.066    -0.548     3.043    -4.273     5.308    34.668
T-A     -0.489     0.071    -0.088     1.815    -6.423     0.272    -0.437    -0.582     3.002    -0.572     4.763    34.668
G-C      0.078    -0.166      0.41      5.67   -11.437    -3.229    -0.265     0.471      3.31    -3.576     0.753    34.668
G-C     -0.599    -0.098    -0.478    -2.604    -4.572     2.014     1.254     0.249     3.564     9.777     2.025    34.668
A-T      -0.02     0.022      0.11     4.039   -27.597     0.122    -1.428     1.335     3.172    -6.653    -4.398    34.668
G-C      0.171    -0.038     0.366     3.659    -8.265     0.311     1.027     0.338     3.321    -2.702     -2.97    34.668
C-G      0.384    -0.076      0.08     5.211   -24.661     2.063    -0.812       0.5     3.198    -0.413    -3.182    34.668
A-T     -0.187    -0.035    -0.239    -4.345    -10.68     9.969     1.479     0.687     3.535     6.785     1.563    34.668
G-C     -0.629     0.355     -0.32   -14.873   -11.677     5.552    -1.339     0.093     3.498    -6.707    12.673    34.668
T-A     -0.331     0.175    -0.151    -4.306   -13.201      -5.3    -0.778    -0.335     3.016    -3.387     9.566    34.668
T-A     -0.139     0.341     0.017     -3.57   -11.619     4.873     0.013     0.001     3.345     0.652     9.125    34.668
T-A      0.292      0.18     -0.11   -11.615   -22.239    -0.653    -0.192    -0.059      3.34    -0.199     5.394    34.668
C-G     -0.031    -0.118     -0.15    -4.339    -4.927      0.83     1.207     0.657     3.229     5.236     -1.95    34.668
C-G      0.395    -0.381     0.363    10.385   -15.495    -7.303    -1.041     0.887     3.169      0.37     6.489    34.668
A-T      -0.24    -0.216     0.338     8.516   -19.051     0.832     0.803     2.322     3.301     2.174   -15.596    34.668
A-T      0.628    -0.104     0.547    19.007   -11.166    -3.984     0.077     -0.12     2.932    -1.404     1.982    34.668
A-T      0.068    -0.112    -0.741    -6.249   -14.423    -1.828    -0.236    -0.292     3.925       4.3     0.775    34.668
T-A     -0.774     0.451    -0.247     5.902    -15.38     4.277     0.175    -0.404     2.961    -3.139    -2.976    34.668
A-T      0.306     0.426    -0.466    -5.259    -1.998     3.351     0.042    -0.032     3.669     1.027     4.094    34.668
C-G      0.186    -0.043     0.208     3.434      -0.7     6.033     0.375     -0.74     3.133    -3.826    13.857    34.668
A-T     -0.519     0.429     0.045     1.643   -10.881      7.71    -0.048     0.084     3.181      2.15     7.276    34.668
C-G      0.483     0.196    -0.442     0.068   -14.308     5.506     0.353    -0.128     3.265     2.468     4.982    34.668
T-A     -0.778     0.086     0.044     3.646    -5.038     2.774    -0.288     -0.28     3.256    -1.636     1.229    34.668
T-A      0.059     0.088      0.34    -5.882   -21.333     2.699    -0.133    -0.538     3.578    -0.406     0.736    34.668
T-A      -0.42     0.056     0.096   -18.818   -15.551    -1.331    -0.063    -0.049     3.341     2.213    -5.647    34.668
T-A      0.116     0.029    -0.232    -9.232   -12.009     1.007    -0.361     0.222     3.148     1.345    -3.006    34.668
G-C     -0.057    -0.109    -0.097     1.237      1.15    -1.318    -0.044     2.289     3.253    -2.755   -10.716    34.668
G-C     -0.562      0.04     0.005    -0.174   -12.411     2.142     0.045    -0.046      3.36    -1.066     9.411    34.668
T-A     -0.609     0.188     0.049     5.717    -7.759     2.472     -0.11    -0.479     3.238    -3.203     2.446    34.668
A-T     -0.092    -0.039     0.275     5.994    -8.805     1.631     0.314    -0.919     3.017     0.063    13.306    34.668
G-C     -0.545    -0.394    -0.978    -4.146   -16.673    -1.599    -0.311    -0.475     3.813     6.425     6.449    34.668
T-A     -0.727     1.261    -0.911     4.199   -14.287    17.572     1.343    -0.147     2.831     0.791    10.672    34.668
A-T     -0.393    -0.123     0.354     1.913    -3.321      8.99     0.462    -0.077     3.444    -8.338     7.091    34.668
T-A      -0.41     0.128    -0.184     5.118    -7.744    -3.426    -0.877    -0.843     3.148     4.068    -3.535    34.668
C-G     -0.142    -0.049      0.81   -16.106   -16.919    -4.734     0.189    -0.595     3.802     -3.68    -3.187    34.668
T-A      0.277     0.049     1.062   -14.437   -14.791     -2.07    -0.661    -0.442     3.211    -2.844     2.021    34.668
G-C      -0.26    -0.112     0.017      -7.5    -6.387     1.649    -0.298     2.539     3.179     3.111   -16.214    34.668
C-G      0.918    -0.071     0.032    10.985   -11.498    -1.572     0.029     0.398     2.762    -0.488     7.571    34.668
A-T     -0.149    -0.292    -0.294    -6.277   -16.273     3.737    -0.061     1.868     3.737    -0.935     -0.59    34.668
G-C     -0.272     0.094     0.091     6.503   -15.604     7.437      0.29     0.483      2.97     -5.23     6.318    34.668
G-C     -0.484    -0.255    -0.087    -6.013   -10.159     0.881    -0.377    -0.392     3.424    -3.492    14.075    34.668
T-A     -0.271     0.052    -0.336    -3.522    -7.214     2.472    -0.597    -0.519     3.264     0.534     4.983    34.668
G-C     -0.358    -0.374    -0.306    -1.437    -8.843    -3.361    -0.183     -0.04      3.33    -0.808     9.816    34.668
G-C      0.251    -0.274    -0.206     5.814   -10.219    -0.032     0.891     0.115     3.291    -0.604     4.177    34.668
A-T     -0.241     -0.17    -0.128    -2.607    -10.41      3.29    -0.119    -0.231     3.353    -1.599     1.534    34.668
T-A      0.035     -0.24    -0.125     5.125    -5.857    -0.637    -0.095    -0.589     3.171    -0.265    -0.756    34.668
A-T     -0.026    -0.317     0.169    -5.177    -9.006     3.895     -0.16     0.186     3.538    -2.116    -7.502    34.668
T-A      0.101    -0.133     0.132    -2.382   -16.612     4.163    -0.293     -0.63     3.246     0.284    -0.531    34.668
T-A       0.06    -0.131    -0.205     0.941    -9.842     1.554     0.283    -0.074     3.136     3.232      0.44    34.668
