,length,incon,forcefield,eo,eopt,eopt_elastic,eopt_tilt,eopt_roll,eopt_twist,eopt_shift,eopt_slide,eopt_rise,wr,tw,lk
0,105,over,ideal,1203.210071,63.08342,63.0834,13.1759,13.175858,36.620056,0.055802,0.055802,1e-06,-3.43598e-09,9.0,9.0
1,106,over,ideal,533.153622,26.43341,26.4334,13.051689,13.051704,0.329033,0.000492,0.000492,0.0,7.95401e-12,10.0,10.0
2,107,over,ideal,312.226075,27.167289,27.1673,12.929712,12.929719,1.304031,0.001913,0.001913,0.0,-3.19162e-11,10.0,10.0
3,108,over,ideal,155.246178,28.535615,28.5356,12.809987,12.809997,2.907257,0.004187,0.004187,0.0,4.82263e-12,10.0,10.0
4,109,over,ideal,62.213784,30.521022,30.521,12.692455,12.69247,5.121616,0.00724,0.00724,0.0,-2.71869e-11,10.0,10.0
5,110,over,ideal,33.128833,33.106772,33.1068,12.577075,12.577063,7.930619,0.011007,0.011007,0.0,-4.35199e-11,10.0,10.0
6,111,over,ideal,67.991169,36.276725,36.2767,12.463765,12.463743,11.318363,0.015427,0.015427,0.0,-2.40932e-10,10.0,10.0
7,112,over,ideal,166.800722,40.015313,40.0153,12.352466,12.352456,15.269511,0.02044,0.02044,0.0,-3.27896e-11,10.0,10.0
8,113,over,ideal,329.557323,44.307511,44.3075,12.243132,12.243143,19.769244,0.025996,0.025996,0.0,-8.59997e-11,10.0,10.0
9,114,over,ideal,556.260889,49.138824,49.1388,12.13572,12.135741,24.803277,0.032043,0.032043,0.0,-5.67883e-10,10.0,10.0
10,115,over,ideal,846.911322,54.495251,54.4953,12.030203,12.030179,30.357792,0.038538,0.038538,0.0,-6.3416e-10,10.0,10.0
11,116,over,ideal,1201.508641,60.363278,60.3633,11.926504,11.926438,36.419462,0.045437,0.045437,1e-06,-5.30446e-10,10.0,10.0
12,117,over,ideal,531.496921,24.322327,24.3223,11.824601,11.824627,0.671452,0.000823,0.000823,0.0,5.32803e-12,11.0,11.0
13,118,over,ideal,310.612915,25.302804,25.3028,11.724384,11.724421,1.84954,0.002229,0.002229,0.0,-5.97001e-11,11.0,11.0
14,119,over,ideal,153.675408,26.855234,26.8552,11.625875,11.625875,3.594962,0.004261,0.004261,0.0,-4.80346e-11,11.0,11.0
15,120,over,ideal,60.684295,28.965385,28.9654,11.528974,11.529003,5.893669,0.00687,0.00687,0.0,-2.24038e-11,11.0,11.0
16,121,over,ideal,31.639554,31.619489,31.6195,11.433727,11.433678,8.732064,0.01001,0.01001,0.0,-1.32685e-10,11.0,11.0
17,122,over,ideal,66.541067,34.804228,34.8042,11.339982,11.339975,12.096991,0.01364,0.01364,0.0,-3.20177e-11,11.0,11.0
18,123,over,ideal,165.388797,38.506716,38.5067,11.247777,11.247777,15.975719,0.017721,0.017721,0.0,-3.51616e-11,11.0,11.0
19,124,over,ideal,328.18261,42.714475,42.7145,11.157047,11.157077,20.355919,0.022216,0.022216,0.0,-1.80695e-10,11.0,11.0
20,125,over,ideal,554.922457,47.41543,47.4154,11.067808,11.067789,25.225651,0.027091,0.027091,0.0,-8.14219e-11,11.0,11.0
21,126,over,ideal,845.608266,52.597885,52.5979,10.979949,10.979954,30.573355,0.032313,0.032313,0.0,-6.29466e-10,11.0,11.0
22,127,over,ideal,1200.240089,58.250506,58.2505,10.893497,10.893478,36.387823,0.037854,0.037854,0.0,-1.43557e-08,11.0,11.0
23,128,over,ideal,530.262031,22.711109,22.7111,10.808435,10.808436,1.092001,0.001118,0.001118,0.0,9.11992e-11,12.0,12.0
24,129,over,ideal,309.41087,23.892364,23.8924,10.72464,10.724655,2.438152,0.002458,0.002458,0.0,-6.30236e-12,12.0,12.0
25,130,over,ideal,152.505417,25.594289,25.5943,10.642151,10.642144,4.301453,0.00427,0.00427,0.0,-2.65504e-12,12.0,12.0
26,131,over,ideal,59.545594,27.805009,27.805,10.560908,10.560906,6.670153,0.006521,0.006521,0.0,-3.34748e-11,12.0,12.0
27,132,over,ideal,30.531401,30.512998,30.513,10.480923,10.48087,9.532849,0.009178,0.009178,0.0,-1.92429e-10,12.0,12.0
28,133,over,ideal,65.462744,33.707086,33.7071,10.402093,10.402085,12.878482,0.012213,0.012213,0.0,-3.3017e-10,12.0,12.0
29,134,over,ideal,164.339608,37.376426,37.3764,10.324452,10.324462,16.696317,0.015598,0.015598,0.0,-1.50344e-10,12.0,12.0
30,135,over,ideal,327.161883,41.510495,41.5105,10.247978,10.247971,20.975935,0.019305,0.019305,0.0,-6.6913e-10,12.0,12.0
31,136,over,ideal,553.929536,46.099074,46.0991,10.172626,10.172608,25.707214,0.023313,0.023313,0.0,-7.10791e-10,12.0,12.0
32,137,over,ideal,844.642519,51.132244,51.1322,10.098362,10.098355,30.880336,0.027595,0.027595,0.0,-1.27594e-10,12.0,12.0
33,138,over,ideal,1199.300904,56.600375,56.6004,10.025209,10.025147,36.485751,0.032134,0.032134,0.0,-3.22658e-08,12.0,12.0
34,139,over,ideal,529.348809,21.481126,21.4811,9.953111,9.953073,1.572212,0.001365,0.001365,0.0,-2.88085e-11,13.0,13.0
35,140,over,ideal,308.523034,22.828945,22.8289,9.881999,9.881995,3.059715,0.002618,0.002618,0.0,-1.09535e-10,13.0,13.0
36,141,over,ideal,151.642407,24.654596,24.6546,9.811918,9.811901,5.022303,0.004236,0.004236,0.0,-2.93352e-10,13.0,13.0
37,142,over,ideal,58.706861,26.948017,26.948,9.742807,9.742812,7.450006,0.006196,0.006196,0.0,-1.25802e-10,13.0,13.0
38,143,over,ideal,29.716418,29.699424,29.6994,9.67468,9.674671,10.333125,0.008474,0.008474,0.0,-4.56289e-10,13.0,13.0
39,144,over,ideal,64.671001,32.899307,32.8993,9.607485,9.60749,13.662237,0.011048,0.011048,0.0,-6.03195e-10,13.0,13.0
40,145,over,ideal,163.570601,36.538414,36.5384,9.541234,9.541217,17.428166,0.013899,0.013899,0.0,-4.55841e-10,13.0,13.0
41,146,over,ideal,326.415129,40.607748,40.6077,9.475876,9.475866,21.621988,0.017008,0.017008,0.0,-5.44066e-10,13.0,13.0
42,147,over,ideal,553.204564,45.098553,45.0986,9.411397,9.411415,26.235029,0.020356,0.020356,0.0,-5.7476e-09,13.0,13.0
43,148,over,ideal,843.938874,50.002311,50.0023,9.347833,9.34779,31.258835,0.023927,0.023927,0.0,-6.32918e-10,13.0,13.0
44,149,over,ideal,1198.618135,55.310733,55.3107,9.285127,9.285024,36.685174,0.027704,0.027704,0.0,-1.30155e-07,13.0,13.0
45,150,over,ideal,528.686488,20.548521,20.5485,9.223194,9.223202,2.098997,0.001564,0.001564,0.0,9.09962e-12,14.0,14.0
46,151,over,ideal,307.880737,22.036705,22.0367,9.162122,9.16211,3.707022,0.002726,0.002726,0.0,-2.01104e-11,14.0,14.0
47,152,over,ideal,151.019726,23.966397,23.9664,9.101845,9.101831,5.75437,0.004176,0.004176,0.0,-6.32449e-11,14.0,14.0
48,153,over,ideal,58.103399,26.328965,26.329,9.042356,9.042338,8.232479,0.005896,0.005896,0.0,-1.52577e-10,14.0,14.0
49,154,over,ideal,29.131787,29.115998,29.116,8.983623,8.983634,11.133002,0.007869,0.007869,0.0,-9.95247e-11,14.0,14.0
50,155,over,ideal,64.104819,32.319304,32.3193,8.925674,8.925661,14.447805,0.010082,0.010082,0.0,-5.45105e-10,14.0,14.0
51,156,over,ideal,163.022509,35.930897,35.9309,8.868448,8.86845,18.16897,0.012515,0.012515,0.0,-4.18382e-10,14.0,14.0
52,157,over,ideal,325.884764,39.942998,39.943,8.811965,8.811955,22.288764,0.015157,0.015157,0.0,-1.74552e-09,14.0,14.0
53,158,over,ideal,552.691579,44.348019,44.348,8.756185,8.756186,26.79966,0.017994,0.017994,0.0,-1.50752e-09,14.0,14.0
54,105,std,ideal,26.352001,26.351999,26.352,13.175997,13.176002,0.0,0.0,0.0,0.0,-1.67406e-11,10.0,10.0
55,106,std,ideal,61.192349,26.433411,26.4334,13.051709,13.051686,0.329032,0.000492,0.000492,0.0,-7.5784e-12,10.0,10.0
56,107,std,ideal,166.215325,27.167289,27.1673,12.929722,12.92971,1.304031,0.001913,0.001913,0.0,-2.9238e-11,10.0,10.0
57,108,std,ideal,341.42074,28.535613,28.5356,12.809991,12.809991,2.907258,0.004186,0.004186,0.0,6.36489e-12,10.0,10.0
58,109,std,ideal,586.808571,30.521021,30.521,12.69247,12.692455,5.121616,0.00724,0.00724,0.0,-5.61415e-11,10.0,10.0
59,110,std,ideal,902.378557,33.106772,33.1068,12.577086,12.577052,7.930619,0.011007,0.011007,0.0,-4.25142e-11,10.0,10.0
60,111,std,ideal,1288.130766,36.276725,36.2767,12.463736,12.463772,11.318364,0.015427,0.015427,0.0,-2.15778e-11,10.0,10.0
61,112,std,ideal,454.545075,28.532731,28.5327,12.352488,12.352493,3.81753,0.00511,0.00511,0.0,5.80983e-11,11.0,11.0
62,113,std,ideal,243.79257,26.422125,26.4221,12.243172,12.24319,1.930686,0.002539,0.002539,0.0,-2.57377e-12,11.0,11.0
63,114,std,ideal,103.221812,24.962387,24.9624,12.135781,12.135795,0.689031,0.00089,0.00089,0.0,1.9561e-13,11.0,11.0
64,115,std,ideal,32.832783,24.136624,24.1366,12.030256,12.030266,0.07591,9.6e-05,9.6e-05,0.0,-1.0699e-11,11.0,11.0
65,116,std,ideal,32.625344,23.928524,23.9285,11.926548,11.926556,0.075233,9.4e-05,9.4e-05,0.0,4.02114e-12,11.0,11.0
66,117,std,ideal,102.599402,24.322326,24.3223,11.824617,11.82461,0.671452,0.000823,0.000823,0.0,2.11825e-12,11.0,11.0
67,118,std,ideal,242.75491,25.302805,25.3028,11.7244,11.724406,1.849539,0.00223,0.00223,0.0,-4.90639e-12,11.0,11.0
68,119,std,ideal,453.091697,26.855235,26.8552,11.625856,11.625894,3.594962,0.004261,0.004261,0.0,-1.77062e-12,11.0,11.0
69,120,std,ideal,733.609708,28.965385,28.9654,11.528981,11.528996,5.89367,0.006869,0.006869,0.0,-1.23662e-10,11.0,11.0
70,121,std,ideal,1084.308978,31.61949,31.6195,11.433711,11.433695,8.732063,0.010011,0.010011,0.0,-3.6019e-11,11.0,11.0
71,122,std,ideal,584.103783,27.271613,27.2716,11.339992,11.339992,4.581297,0.005166,0.005166,0.0,1.64119e-11,12.0,12.0
72,123,std,ideal,338.296474,25.057509,25.0575,11.247809,11.247792,2.556237,0.002835,0.002835,0.0,2.16504e-11,12.0,12.0
73,124,std,ideal,162.670163,23.443692,23.4437,11.157085,11.157104,1.127043,0.00123,0.00123,0.0,1.43803e-12,12.0,12.0
74,125,std,ideal,57.224676,22.41582,22.4158,11.067831,11.067848,0.279541,0.0003,0.0003,0.0,-3.71133e-11,12.0,12.0
75,126,std,ideal,21.960004,21.96,21.96,10.980002,10.979998,0.0,0.0,0.0,0.0,1.11475e-11,12.0,12.0
76,127,std,ideal,56.876042,22.062776,22.0628,10.893544,10.893542,0.275118,0.000286,0.000286,0.0,-1.80464e-12,12.0,12.0
77,128,std,ideal,161.972763,22.71111,22.7111,10.808437,10.808436,1.092001,0.001118,0.001118,0.0,1.78409e-11,12.0,12.0
78,129,std,ideal,337.250044,23.892363,23.8924,10.724653,10.724642,2.438152,0.002458,0.002458,0.0,-8.03089e-12,12.0,12.0
79,130,std,ideal,582.707927,25.594289,25.5943,10.642132,10.642163,4.301454,0.00427,0.00427,0.0,2.42263e-12,12.0,12.0
80,131,std,ideal,898.34621,27.805007,27.805,10.560906,10.560908,6.670153,0.006521,0.006521,0.0,-4.85493e-11,12.0,12.0
81,132,std,ideal,1284.165019,30.512999,30.513,10.480893,10.4809,9.532849,0.009178,0.009178,0.0,-2.05035e-11,12.0,12.0
82,133,std,ideal,450.644287,24.030082,24.0301,10.402102,10.4021,3.219774,0.003053,0.003053,0.0,2.27938e-11,13.0,13.0
83,134,std,ideal,239.955156,22.282593,22.2826,10.324481,10.32447,1.630595,0.001523,0.001523,0.0,-1.90044e-12,13.0,13.0
84,135,std,ideal,99.446237,21.079787,21.0798,10.247989,10.24801,0.582716,0.000536,0.000536,0.0,-2.60828e-12,13.0,13.0
85,136,std,ideal,29.117558,20.409694,20.4097,10.172649,10.172645,0.064283,5.8e-05,5.8e-05,0.0,-2.0358e-12,13.0,13.0
86,137,std,ideal,28.969032,20.260691,20.2607,10.09839,10.098398,0.063788,5.7e-05,5.7e-05,0.0,-5.97715e-12,13.0,13.0
87,138,std,ideal,99.00061,20.621489,20.6215,10.025214,10.025219,0.570051,0.000502,0.000502,0.0,-1.56471e-11,13.0,13.0
88,139,std,ideal,239.212287,21.481125,21.4811,9.953097,9.953086,1.572212,0.001365,0.001365,0.0,-1.17835e-11,13.0,13.0
89,140,std,ideal,449.603935,22.828944,22.8289,9.881991,9.882003,3.059714,0.002618,0.002618,0.0,-3.54605e-11,13.0,13.0
90,141,std,ideal,730.175542,24.654596,24.6546,9.811898,9.811922,5.022305,0.004236,0.004236,0.0,-9.16926e-11,13.0,13.0
91,142,std,ideal,1080.927178,26.948017,26.948,9.742813,9.742806,7.450006,0.006196,0.006196,0.0,-5.39308e-11,13.0,13.0
92,143,std,ideal,580.773157,23.269106,23.2691,9.674685,9.674678,3.913325,0.003209,0.003209,0.0,-1.06286e-11,14.0,14.0
93,144,std,ideal,335.015867,21.404611,21.4046,9.607497,9.607498,2.18608,0.001768,0.001768,0.0,1.84248e-13,14.0,14.0
94,145,std,ideal,159.438455,20.048973,20.049,9.541229,9.541252,0.964953,0.00077,0.00077,0.0,1.84431e-11,14.0,14.0
95,146,std,ideal,54.040779,19.191768,19.1918,9.475894,9.475885,0.239611,0.000188,0.000188,0.0,5.60352e-11,14.0,14.0
96,147,std,ideal,18.822865,18.822857,18.8229,9.41143,9.411427,0.0,0.0,0.0,0.0,1.15439e-11,14.0,14.0
97,148,std,ideal,53.784634,18.932372,18.9324,9.347842,9.347834,0.236335,0.000181,0.000181,0.0,1.78454e-11,14.0,14.0
98,149,std,ideal,158.926093,19.51071,19.5107,9.285103,9.285097,0.939092,0.000709,0.000709,0.0,4.79902e-11,14.0,14.0
99,150,std,ideal,334.247146,20.548521,20.5485,9.223191,9.223206,2.098997,0.001564,0.001564,0.0,-1.20905e-10,14.0,14.0
100,151,std,ideal,579.747862,22.036706,22.0367,9.162122,9.162111,3.707021,0.002726,0.002726,0.0,-6.02592e-11,14.0,14.0
101,152,std,ideal,895.428065,23.966397,23.9664,9.101834,9.101842,5.754371,0.004175,0.004175,0.0,-2.09634e-11,14.0,14.0
102,153,std,ideal,1281.28791,26.328966,26.329,9.042355,9.042339,8.232481,0.005895,0.005895,0.0,-1.86971e-10,14.0,14.0
103,154,std,ideal,447.807353,20.754607,20.7546,8.983653,8.983616,2.783404,0.001967,0.001967,0.0,6.44087e-11,15.0,15.0
104,155,std,ideal,237.15756,19.264337,19.2643,8.925671,8.925682,1.411014,0.000985,0.000985,0.0,7.87554e-11,15.0,15.0
105,156,std,ideal,96.687163,18.242363,18.2424,8.868449,8.868473,0.504745,0.000348,0.000348,0.0,1.86579e-11,15.0,15.0
106,157,std,ideal,26.396218,17.679762,17.6798,8.811964,8.811985,0.055737,3.8e-05,3.8e-05,0.0,5.47234e-12,15.0,15.0
107,158,std,ideal,26.284655,17.567837,17.5678,8.756209,8.756197,0.055357,3.7e-05,3.7e-05,0.0,-3.65761e-12,15.0,15.0
108,105,under,ideal,984.281143,26.352,26.352,13.175997,13.176003,0.0,0.0,0.0,0.0,-1.33167e-11,10.0,10.0
109,106,under,ideal,1405.977491,26.43341,26.4334,13.051695,13.051699,0.329032,0.000492,0.000492,0.0,-1.22365e-11,10.0,10.0
110,107,under,ideal,394.46942,49.483769,49.4838,12.929664,12.92963,23.555356,0.034559,0.034559,0.0,1.42077e-10,11.0,11.0
111,108,under,ideal,197.20533,43.843353,43.8434,12.809954,12.809939,18.171126,0.026167,0.026167,0.0,2.30699e-10,11.0,11.0
112,109,under,ideal,77.316835,38.947879,38.9479,12.692437,12.69244,13.524763,0.019119,0.019119,0.0,1.79687e-10,11.0,11.0
113,110,under,ideal,34.803812,34.777152,34.7772,12.577062,12.577067,9.596384,0.01332,0.01332,0.0,5.88955e-11,11.0,11.0
114,111,under,ideal,69.666148,31.311698,31.3117,12.463758,12.463775,6.366809,0.008677,0.008677,0.0,2.50399e-12,11.0,11.0
115,112,under,ideal,181.903731,28.53273,28.5327,12.352502,12.352478,3.817529,0.005111,0.005111,0.0,-1.90832e-12,11.0,11.0
116,113,under,ideal,371.516453,26.422125,26.4221,12.243185,12.243177,1.930686,0.002539,0.002539,0.0,-2.86122e-12,11.0,11.0
117,114,under,ideal,638.50421,24.962386,24.9624,12.135779,12.135796,0.689031,0.00089,0.00089,0.0,7.16498e-12,11.0,11.0
118,115,under,ideal,982.866906,24.136624,24.1366,12.030257,12.030264,0.07591,9.6e-05,9.6e-05,0.0,-3.59947e-12,11.0,11.0
119,116,under,ideal,667.736172,23.928524,23.9285,11.926561,11.926542,0.075233,9.4e-05,9.4e-05,0.0,-1.71535e-11,11.0,11.0
120,117,under,ideal,393.136449,47.882532,47.8825,11.824556,11.824571,24.174115,0.029645,0.029645,0.0,2.86978e-10,12.0,12.0
121,118,under,ideal,195.911383,42.43466,42.4347,11.724354,11.724381,18.940254,0.022836,0.022836,0.0,2.25321e-10,12.0,12.0
122,119,under,ideal,76.060884,37.666258,37.6663,11.625852,11.625854,14.380461,0.017045,0.017045,0.0,1.26584e-10,12.0,12.0
123,120,under,ideal,33.584869,33.560427,33.5604,11.528984,11.528975,10.478041,0.012213,0.012213,0.0,7.12438e-11,12.0,12.0
124,121,under,ideal,68.483258,30.100817,30.1008,11.433706,11.433705,7.21686,0.008273,0.008273,0.0,4.17918e-11,12.0,12.0
125,122,under,ideal,180.755971,27.271613,27.2716,11.339992,11.339992,4.581297,0.005166,0.005166,0.0,6.17607e-11,12.0,12.0
126,123,under,ideal,370.40293,25.057509,25.0575,11.247797,11.247804,2.556237,0.002836,0.002836,0.0,-9.24178e-12,12.0,12.0
127,124,under,ideal,637.424065,23.443693,23.4437,11.157105,11.157086,1.127043,0.00123,0.00123,0.0,-1.88304e-12,12.0,12.0
128,125,under,ideal,981.819302,22.415821,22.4158,11.067831,11.067849,0.279541,0.0003,0.0003,0.0,2.51446e-11,12.0,12.0
129,126,under,ideal,666.720306,52.598497,52.5985,10.97994,10.979962,30.573968,0.032313,0.032313,0.0,6.68783e-10,13.0,13.0
130,127,under,ideal,392.151544,46.670947,46.6709,10.893491,10.893519,24.83227,0.025833,0.025833,0.0,3.6527e-10,13.0,13.0
131,128,under,ideal,194.956684,41.382785,41.3828,10.808409,10.808407,19.725569,0.0202,0.0202,0.0,6.72673e-11,13.0,13.0
132,129,under,ideal,75.135661,36.719203,36.7192,10.72462,10.724638,15.239217,0.015364,0.015364,0.0,9.47412e-11,13.0,13.0
133,130,under,ideal,32.688421,32.665851,32.6659,10.64214,10.642136,11.359023,0.011276,0.011276,0.0,2.38425e-10,13.0,13.0
134,131,under,ideal,67.614891,29.208812,29.2088,10.560906,10.560904,8.071221,0.00789,0.00789,0.0,1.10604e-10,13.0,13.0
135,132,under,ideal,179.915027,26.334587,26.3346,10.480916,10.480888,5.362459,0.005162,0.005162,0.0,1.95551e-10,13.0,13.0
136,133,under,ideal,369.588771,24.030082,24.0301,10.402109,10.402093,3.219774,0.003053,0.003053,0.0,2.02255e-10,13.0,13.0
137,134,under,ideal,636.636065,22.282593,22.2826,10.324481,10.32447,1.630596,0.001523,0.001523,0.0,1.91847e-11,13.0,13.0
138,135,under,ideal,981.056861,21.079787,21.0798,10.248,10.247998,0.582716,0.000536,0.000536,0.0,9.94747e-12,13.0,13.0
139,136,under,ideal,665.982841,20.409694,20.4097,10.172658,10.172636,0.064283,5.8e-05,5.8e-05,0.0,-9.50555e-13,13.0,13.0
140,137,under,ideal,391.438486,45.763839,45.7638,10.098378,10.098353,25.521496,0.022806,0.022806,0.0,3.80649e-10,14.0,14.0
141,138,under,ideal,194.267482,40.610235,40.6102,10.025194,10.025195,20.523695,0.018075,0.018075,0.0,7.28163e-11,14.0,14.0
142,139,under,ideal,74.469785,36.034533,36.0345,9.953075,9.953077,16.100428,0.013976,0.013976,0.0,1.16445e-10,14.0,14.0
143,140,under,ideal,32.045347,32.024392,32.0244,9.882002,9.881972,12.239474,0.010472,0.010472,0.0,6.47425e-10,14.0,14.0
144,141,under,ideal,66.994129,28.567823,28.5678,9.811908,9.811904,8.928947,0.007532,0.007532,0.0,2.13877e-10,14.0,14.0
145,142,under,ideal,179.316082,25.653171,25.6532,9.742805,9.742817,6.157308,0.005121,0.005121,0.0,1.87505e-10,14.0,14.0
146,143,under,ideal,369.011169,23.269106,23.2691,9.67468,9.674683,3.913325,0.003209,0.003209,0.0,7.06777e-11,14.0,14.0
147,144,under,ideal,636.079351,21.404612,21.4046,9.607504,9.607492,2.18608,0.001768,0.001768,0.0,4.9546e-11,14.0,14.0
148,145,under,ideal,980.520585,20.048974,20.049,9.541237,9.541245,0.964953,0.00077,0.00077,0.0,5.58762e-12,14.0,14.0
149,146,under,ideal,665.466566,50.686614,50.6866,9.475867,9.475858,31.685041,0.024924,0.024924,0.0,4.33459e-09,15.0,15.0
150,147,under,ideal,390.941793,45.099166,45.0992,9.411415,9.411397,26.235642,0.020356,0.020356,0.0,3.36628e-10,15.0,15.0
151,148,under,ideal,193.789962,40.060446,40.0604,9.347817,9.347823,21.332148,0.016329,0.016329,0.0,3.2307e-09,15.0,15.0
152,149,under,ideal,74.01104,35.55944,35.5594,9.285071,9.285103,16.963644,0.012811,0.012811,0.0,1.28005e-10,15.0,15.0
153,150,under,ideal,31.604987,31.585427,31.5854,9.223211,9.223168,13.119494,0.009777,0.009777,0.0,1.41621e-09,15.0,15.0
154,151,under,ideal,66.571776,28.12797,28.128,9.162106,9.162118,9.78935,0.007198,0.007198,0.0,1.0303e-09,15.0,15.0
155,152,under,ideal,178.911376,25.176904,25.1769,9.101837,9.101837,6.963125,0.005053,0.005053,0.0,6.93392e-12,15.0,15.0
156,153,under,ideal,368.623744,22.722331,22.7223,9.042357,9.042342,4.631,0.003316,0.003316,0.0,2.80201e-10,15.0,15.0
157,154,under,ideal,635.708861,20.754607,20.7546,8.983624,8.983645,2.783404,0.001968,0.001968,0.0,1.06971e-10,15.0,15.0
158,155,under,ideal,980.166698,19.264336,19.2643,8.925691,8.925661,1.411014,0.000985,0.000985,0.0,1.08883e-10,15.0,15.0
159,156,under,ideal,1401.997213,18.242363,18.2424,8.868433,8.86849,0.504745,0.000348,0.000348,0.0,2.06019e-10,15.0,15.0
160,157,under,ideal,390.620124,44.630673,44.6307,8.811947,8.811966,26.970077,0.018341,0.018341,0.0,2.26453e-09,16.0,16.0
161,158,under,ideal,193.483931,39.691157,39.6912,8.756164,8.756213,22.149036,0.014872,0.014872,0.0,1.19097e-09,16.0,16.0
