      bp        Ox        Oy        Oz        Nx        Ny        Nz
    1 G-C     23.113    53.396    50.104    -0.164    -0.278    -0.947
    2 T-A     21.441    52.708    47.466    -0.178    -0.169    -0.969
    3 A-T     21.020    51.566    44.484    -0.073    -0.271    -0.960
    4 T-A     20.370    51.610    41.161    -0.095    -0.265    -0.960
    5 T-A     20.502    49.808    38.054    -0.048    -0.256    -0.966
    6 T-A     20.531    49.366    34.885    -0.041    -0.321    -0.946
    7 A-T     19.355    48.121    31.797     0.035    -0.342    -0.939
    8 A-T     20.150    47.625    28.478    -0.003    -0.224    -0.975
    9 T-A     20.409    46.002    25.436     0.035    -0.221    -0.975
   10 A-T     21.111    45.330    22.204     0.061    -0.187    -0.980
   11 C-G     21.260    45.631    18.938     0.082    -0.123    -0.989
   12 T-A     22.704    45.759    16.059     0.074     0.137    -0.988
   13 A-T     24.196    45.057    13.213     0.196     0.353    -0.915
   14 T-A     28.582    46.742     8.842     0.915     0.387    -0.117
   15 A-T     31.295    46.893     6.414     0.922     0.274    -0.272
   16 T-A     34.004    48.399     5.785     0.932     0.273    -0.240
   17 G-C     36.691    49.074     3.981     0.957     0.182    -0.227
   18 T-T     39.722    52.565     4.695     0.893     0.434    -0.116
   19 C-G     42.307    54.634     2.511     0.950     0.300     0.091
   20 A-T     44.939    56.255     3.632     0.927     0.372     0.049
   21 T-A     47.619    57.892     3.322     0.917     0.393     0.074
   22 A-T     50.297    59.605     5.115     0.905     0.417    -0.083
   23 T-A     54.275    63.358     8.107     0.201     0.827     0.525
   24 A-T     56.082    64.621    10.566     0.040     0.660     0.750
   25 G-C     57.457    66.396    12.888     0.060     0.454     0.889
   26 T-A     57.529    68.481    15.398     0.044     0.399     0.916
   27 A-T     58.158    69.760    18.481     0.014     0.369     0.929
   28 T-A     58.375    70.133    21.892    -0.022     0.358     0.933
   29 T-A     58.997    71.810    24.730     0.020     0.275     0.961
   30 A-T     57.744    72.560    28.008    -0.053     0.287     0.956
   31 A-T     57.678    74.049    30.793    -0.084     0.348     0.934
   32 A-T     57.750    74.415    34.392    -0.117     0.330     0.937
   33 T-A     56.995    76.361    37.049    -0.093     0.336     0.937
   34 A-T     56.475    77.136    40.138    -0.202     0.406     0.891
   35 C-G     54.656    78.143    42.933    -0.164     0.322     0.932