,length,state,sequence,config,forcefield,ff_type,eo,eopt,eopt_elastic,eopt_tilt,eopt_roll,eopt_twist,eopt_shift,eopt_slide,eopt_rise,rg,ellipticity,wr,tw,lk,eopt_bend
0,150,st01,A150,circ,czapla2022,dim,128.805906,29.2412,29.2412,8.044181,22.80865,5.168242,0.485569,1.226024,0.215521,77.64217510558998,0.9996504711617188,0.0320689,14.9679,15,30.852831000000002
1,150,st01,A150,circ,czapla2022,tet,126.377519,30.032918,30.0329,8.451798,27.972399,2.564733,0.30357,2.769633,0.21169,77.79899456904003,1.007057168646534,0.0321061,14.9679,15,36.424197
2,150,st01,A150,circ,ideal,dim,31.58544,31.58544,31.5854,9.223197,9.223182,13.119509,0.009776,0.009776,0.0,81.1749878932722,0.9998371886635292,4.1811e-10,15.0,15,18.446379
3,150,st01,A150,circ,olson1998,dim,77.660568,24.867277,24.8673,6.514539,23.223735,9.704181,0.857497,1.896263,0.315797,78.11063484942578,0.9994484095029129,0.0108578,14.9891,15,29.738274
4,150,st01,A150,circ,young2022,dim,176.04814,35.150465,35.1505,9.423261,28.043502,8.419962,0.568078,1.693963,0.539058,77.53072969701647,1.0000028126202738,0.0303041,14.9697,15,37.466763
5,150,st01,A150,circ,young2022,tet,220.790406,43.588625,43.5886,14.386742,35.380047,2.871048,0.82255,0.770242,0.670624,77.82283336177728,1.0232270279193767,0.0284966,14.9715,15,49.766788999999996
6,150,st01,A3N7,circ,czapla2022,dim,139.796836,25.684844,25.6848,4.236152,6.235129,23.220201,1.479091,1.148801,1.099427,79.16181737158274,1.0041811180802578,0.0845545,14.9154,15,10.471281
7,150,st01,A3N7,circ,czapla2022,tet,158.645157,24.294087,24.2941,6.733632,9.107191,25.102226,1.387277,2.725687,1.711048,79.27237582783218,1.0105700825663535,0.0242113,14.9758,15,15.840823
8,150,st01,A3N7,circ,ideal,dim,31.58544,31.58544,31.5854,9.223197,9.223182,13.119509,0.009776,0.009776,0.0,81.1749878932722,0.9998371886635292,4.1811e-10,15.0,15,18.446379
9,150,st01,A3N7,circ,olson1998,dim,124.386431,20.081016,20.081,5.72678,10.450151,16.764927,1.706091,2.302236,1.1019,80.4531858564697,1.0016622300514282,0.0216418,14.9784,15,16.176931
10,150,st01,A3N7,circ,young2022,dim,198.345511,30.797037,30.797,4.97557,7.590084,30.146279,2.231941,1.253399,1.967312,79.11169865946414,0.9977391109310461,0.111546,14.8885,15,12.565654
11,150,st01,A3N7,circ,young2022,tet,234.983936,26.067851,26.0679,5.042131,9.23842,32.416824,1.686973,2.3623,2.137206,78.94964276065242,1.011979627316869,0.0596497,14.9404,15,14.280550999999999
12,150,st01,A4N6,circ,czapla2022,dim,142.842825,21.306413,21.3064,3.093043,5.048548,19.947052,1.010309,0.916719,0.828583,78.91655156003362,1.0018258404013298,0.0568387,14.9432,15,8.141591
13,150,st01,A4N6,circ,czapla2022,tet,162.945444,12.446979,12.447,3.177013,5.132709,11.256262,0.664693,0.562919,0.579778,79.04965083620526,1.0053322375118021,0.0358585,14.9641,15,8.309722
14,150,st01,A4N6,circ,ideal,dim,31.58544,31.58544,31.5854,9.223197,9.223182,13.119509,0.009776,0.009776,0.0,81.1749878932722,0.9998371886635292,4.1811e-10,15.0,15,18.446379
15,150,st01,A4N6,circ,olson1998,dim,118.588705,17.323471,17.3235,4.78538,9.934793,14.597672,1.324489,1.822332,0.716034,80.11046112473714,0.9977237210345313,0.0137523,14.9862,15,14.720173
16,150,st01,A4N6,circ,young2022,dim,203.010298,25.591819,25.5918,3.400966,6.153889,26.507681,1.444733,1.095793,1.529674,78.87184064022814,1.0013809002326295,0.073951,14.926,15,9.554855
17,150,st01,A4N6,circ,young2022,tet,208.097164,13.080564,13.0806,2.619196,5.873242,16.116052,0.863159,0.712431,0.881842,78.97678731404105,1.0019608597043057,0.0449019,14.9551,15,8.492438
18,150,st01,A5C5,circ,czapla2022,dim,140.330992,18.414888,18.4149,1.495518,3.67802,18.685428,0.538318,0.971798,0.654225,78.88793710201442,0.9995415575050661,0.0891506,14.9108,15,5.173538
19,150,st01,A5C5,circ,czapla2022,tet,142.172125,12.185224,12.1852,1.919941,3.232826,12.972139,0.437086,0.949377,0.631992,78.89312370695575,1.0015437437371633,0.0853743,14.9146,15,5.152767
20,150,st01,A5C5,circ,ideal,dim,31.58544,31.58544,31.5854,9.223197,9.223182,13.119509,0.009776,0.009776,0.0,81.1749878932722,0.9998371886635292,4.1811e-10,15.0,15,18.446379
21,150,st01,A5C5,circ,olson1998,dim,132.217298,16.827105,16.8271,2.954754,8.638579,16.679233,1.205602,1.501676,0.436131,79.93345813347591,1.001606646233255,0.0333295,14.9667,15,11.593333
22,150,st01,A5C5,circ,young2022,dim,193.752761,21.950815,21.9508,1.341791,4.447235,24.383798,0.719393,1.188221,1.044698,78.82779795231768,1.0000904567155011,0.107681,14.8923,15,5.789026
23,150,st01,A5C5,circ,young2022,tet,220.887833,15.72666,15.7267,0.890113,3.752853,22.626041,0.362188,1.79185,0.965483,78.84317429188519,1.006907635701372,0.110315,14.8897,15,4.642966
24,150,st01,A5N5,circ,czapla2022,dim,134.745881,18.346664,18.3467,2.33273,5.316093,16.180053,0.483685,0.603533,0.676372,78.62404743615413,0.9985786059565397,0.0446105,14.9554,15,7.648823
25,150,st01,A5N5,circ,czapla2022,tet,141.187131,14.290228,14.2902,3.151244,5.289051,11.414417,0.782199,0.617309,0.7635,78.86427758478607,1.0069306134167653,0.0467458,14.9533,15,8.440294999999999
26,150,st01,A5N5,circ,ideal,dim,31.58544,31.58544,31.5854,9.223197,9.223182,13.119509,0.009776,0.009776,0.0,81.1749878932722,0.9998371886635292,4.1811e-10,15.0,15,18.446379
27,150,st01,A5N5,circ,olson1998,dim,120.894781,13.812924,13.8129,3.387169,8.485305,11.452287,0.760096,1.442672,0.217108,79.49554405593545,0.9987315828367352,-0.00133627,15.0013,15,11.872474
28,150,st01,A5N5,circ,young2022,dim,194.198793,22.155084,22.1551,2.245405,6.283953,22.607829,0.617502,0.849259,1.206348,78.53498368873944,0.9982731089100565,0.0520579,14.9479,15,8.529358
29,150,st01,A5N5,circ,young2022,tet,185.423082,14.578366,14.5784,2.708652,4.66958,15.627411,0.89588,0.863615,1.389284,78.90467534718987,1.0095545237827404,0.0433103,14.9567,15,7.378232
30,150,st01,A6N4,circ,czapla2022,dim,142.667797,14.471012,14.471,1.693199,4.120838,12.88314,0.395013,0.394647,0.56544,78.50467531865084,1.0029767818011017,0.0239116,14.9761,15,5.814037
31,150,st01,A6N4,circ,czapla2022,tet,141.536624,7.768657,7.76866,2.177072,3.768612,4.563143,0.492266,0.347911,0.230437,78.50143459307697,1.002588446353221,0.00854526,14.9915,15,5.945684
32,150,st01,A6N4,circ,ideal,dim,31.58544,31.58544,31.5854,9.223197,9.223182,13.119509,0.009776,0.009776,0.0,81.1749878932722,0.9998371886635292,4.1811e-10,15.0,15,18.446379
33,150,st01,A6N4,circ,olson1998,dim,110.529769,13.22621,13.2262,3.438953,8.879802,9.763401,0.746838,1.115908,0.113917,79.40820510369281,0.9991457766623562,-0.00655998,15.0066,15,12.318755
34,150,st01,A6N4,circ,young2022,dim,203.128363,17.810515,17.8105,1.666403,5.095566,18.132866,0.550566,0.513395,1.01316,78.44049859133932,1.000810595564817,0.0273632,14.9726,15,6.761969
35,150,st01,A6N4,circ,young2022,tet,194.918648,8.171533,8.17153,1.874424,2.721241,7.869832,0.765664,0.613017,0.408894,78.4781302344973,1.0067911461842776,-0.000730857,15.0007,15,4.595665
36,150,st01,A8N2,circ,czapla2022,dim,140.037487,16.182963,16.183,2.735355,7.664613,9.922495,0.30823,0.380819,0.382228,78.14485020880551,0.9974522975578249,0.0421839,14.9578,15,10.399968000000001
37,150,st01,A8N2,circ,czapla2022,tet,148.453722,6.598588,6.59859,1.411554,3.784478,3.549271,0.1238,0.25143,0.256279,78.50971090393716,0.9998512438096379,0.0390708,14.9609,15,5.196032
38,150,st01,A8N2,circ,ideal,dim,31.58544,31.58544,31.5854,9.223197,9.223182,13.119509,0.009776,0.009776,0.0,81.1749878932722,0.9998371886635292,4.1811e-10,15.0,15,18.446379
39,150,st01,A8N2,circ,olson1998,dim,103.052325,16.611895,16.6119,4.246213,12.538273,9.961187,0.819834,0.954387,0.166651,78.81651466966439,0.9992535799215219,-0.0114881,15.0115,15,16.784486
40,150,st01,A8N2,circ,young2022,dim,195.676046,19.341786,19.3418,2.879199,9.129793,14.180888,0.384606,0.521075,0.626361,78.05908464848312,1.00137427214344,0.0443473,14.9557,15,12.008992
41,150,st01,A8N2,circ,young2022,tet,224.931607,7.101494,7.10149,1.491127,3.323277,4.613458,0.18164,0.224996,0.280289,78.47073711700718,1.0018881537861035,0.0316054,14.9684,15,4.814404
42,150,st01,A9N1,circ,czapla2022,dim,142.015646,19.66495,19.6649,4.411951,12.282067,7.767519,0.348515,0.509154,0.394896,77.8895000526047,0.9979627164515804,0.0249399,14.9751,15,16.694018
43,150,st01,A9N1,circ,czapla2022,tet,145.660622,15.148205,15.1482,4.500846,12.760428,2.000787,0.257229,0.779193,0.386701,78.3338239399098,1.0044469930643052,0.0458738,14.9541,15,17.261274
44,150,st01,A9N1,circ,ideal,dim,31.58544,31.58544,31.5854,9.223197,9.223182,13.119509,0.009776,0.009776,0.0,81.1749878932722,0.9998371886635292,4.1811e-10,15.0,15,18.446379
45,150,st01,A9N1,circ,olson1998,dim,104.391248,18.706482,18.7065,5.209186,15.696903,8.763417,0.726034,1.205017,0.262568,78.42621968787797,0.9992695968732135,0.0020678,14.9979,15,20.906089
46,150,st01,A9N1,circ,young2022,dim,198.497211,23.517236,23.5172,4.933016,14.725861,11.644345,0.415785,0.672742,0.680998,77.79696618332022,0.9979721036600971,0.023122,14.9769,15,19.658877
47,150,st01,A9N1,circ,young2022,tet,210.622854,13.729548,13.7295,4.202214,10.228396,2.831295,0.252931,0.45941,0.400903,78.43821082620201,1.009495217884345,0.0415914,14.9584,15,14.43061
48,150,st01,CA4T4C,circ,czapla2022,dim,161.278732,16.212228,16.2122,3.209609,7.573162,9.485308,0.536934,0.336488,0.637923,78.3091669957779,0.9986619308943501,0.0411388,14.9589,15,10.782771
49,150,st01,CA4T4C,circ,czapla2022,tet,202.572557,3.390073,3.39007,0.773161,1.234276,2.167532,0.125032,0.107824,0.186698,78.66835618197209,1.0063177652948716,0.0363029,14.9637,15,2.007437
50,150,st01,CA4T4C,circ,ideal,dim,31.58544,31.58544,31.5854,9.223197,9.223182,13.119509,0.009776,0.009776,0.0,81.1749878932722,0.9998371886635292,4.1811e-10,15.0,15,18.446379
51,150,st01,CA4T4C,circ,olson1998,dim,142.513013,25.783799,25.7838,8.657396,20.661269,14.738924,1.275046,3.240236,1.064924,79.1547554800371,0.9993808267178118,-0.00500562,15.005,15,29.318665000000003
52,150,st01,CA4T4C,circ,young2022,dim,223.976521,18.943627,18.9436,3.335351,8.633719,13.135813,0.576253,0.550615,0.908861,78.20801187880183,0.9986638866775698,0.042139,14.9579,15,11.969069999999999
53,150,st01,CA4T4C,circ,young2022,tet,250.125202,3.699955,3.69996,1.009521,1.493815,1.942808,0.182586,0.144446,0.21619,78.65094869235814,1.0059962124929742,0.0374161,14.9626,15,2.503336
54,150,st01,CA4T4G,circ,czapla2022,dim,169.877937,16.59905,16.599,2.906731,7.400054,10.383706,0.366639,0.288037,0.716364,78.30701209749272,0.9968351707958298,0.0276624,14.9723,15,10.306785
55,150,st01,CA4T4G,circ,czapla2022,tet,190.987625,6.551171,6.55117,1.771073,2.534325,3.548768,0.269076,0.206434,0.243104,78.44569199915207,1.0074415113181243,0.0154817,14.9845,15,4.305398
56,150,st01,CA4T4G,circ,olson1998,dim,152.434973,24.520972,24.521,7.767962,20.53658,12.488519,1.190413,3.228347,0.207694,78.8628243103175,0.9982978278590466,-0.0249194,15.0249,15,28.304542
57,150,st01,CA4T4G,circ,young2022,dim,242.957919,19.947027,19.947,2.909043,8.347483,15.299985,0.387418,0.556525,1.078313,78.21139907308334,0.9967921954814315,0.0250018,14.975,15,11.256526000000001
58,150,st01,CA4T4G,circ,young2022,tet,233.309446,6.480583,6.48058,1.913627,2.378946,3.481853,0.463311,0.380689,0.283438,78.41713448713591,1.0082710724127502,0.00701934,14.993,15,4.292573
59,150,st01,CT4A4C,circ,czapla2022,dim,132.913186,19.461666,19.4617,3.220329,13.64688,13.806933,0.261524,2.413098,0.272607,78.30070714309514,1.0033370439010494,0.0386642,14.9613,15,16.867209
60,150,st01,CT4A4C,circ,czapla2022,tet,153.691705,14.866448,14.8664,2.223995,10.724134,7.639097,0.123127,1.95187,0.555365,79.00915001472208,1.0063788655317458,0.0601982,14.9398,15,12.948129
61,150,st01,CT4A4C,circ,olson1998,dim,93.474501,14.759207,14.7592,1.705751,7.807701,14.62161,0.966605,0.720122,0.635777,79.37965377053365,1.0010336503889734,0.0253061,14.9747,15,9.513452
62,150,st01,CT4A4C,circ,young2022,dim,186.122297,22.271173,22.2712,3.289089,17.431143,20.669532,0.345905,2.920902,0.606788,78.25644194284058,1.000683324932005,0.043148,14.9569,15,20.720232
63,150,st01,CT4A4C,circ,young2022,tet,229.292543,20.232745,20.2327,3.343777,15.980934,12.067227,0.249365,2.956664,0.747717,79.03155966915045,1.004523049178036,0.0657903,14.9342,15,19.324711
64,150,st01,CT4A4G,circ,czapla2022,dim,120.333921,19.559527,19.5595,3.662374,14.503637,12.61228,0.233614,2.362086,0.249747,78.28519173896953,1.0029299399847214,0.0369942,14.963,15,18.166010999999997
65,150,st01,CT4A4G,circ,czapla2022,tet,137.342208,9.508582,9.50858,1.844623,9.113386,1.868244,0.090529,1.07946,0.694818,78.76557069573718,1.0022759618733206,0.0377418,14.9623,15,10.958009
66,150,st01,CT4A4G,circ,ideal,dim,31.58544,31.58544,31.5854,9.223197,9.223182,13.119509,0.009776,0.009776,0.0,81.1749878932722,0.9998371886635292,4.1811e-10,15.0,15,18.446379
67,150,st01,CT4A4G,circ,olson1998,dim,87.359376,12.961296,12.9613,1.854002,6.835555,12.816755,1.140831,0.643036,0.532901,79.21611364759558,1.0006400564775257,0.0278936,14.9721,15,8.689557
68,150,st01,CT4A4G,circ,young2022,dim,169.165598,22.045823,22.0458,3.604084,17.744845,19.678433,0.296538,2.880493,0.59227,78.23277709485248,1.0024356715248195,0.0412882,14.9587,15,21.348929000000002
69,150,st01,CT4A4G,circ,young2022,tet,221.32762,15.480872,15.4809,3.763939,15.450203,4.026227,0.385444,2.177652,0.824439,78.92191656751807,1.0068614136961183,0.0340125,14.966,15,19.214142
70,150,st01,FCT,circ,czapla2022,dim,171.985585,18.312884,18.3129,1.76638,4.883611,17.278429,0.487596,0.733531,0.661147,78.67103223476548,0.999855101673811,0.0422496,14.9578,15,6.649991
71,150,st01,FCT,circ,czapla2022,tet,150.206594,11.053703,11.0537,2.458673,3.606607,9.005101,0.643622,0.672783,0.461264,78.65332134775822,1.0070245611993833,0.00826132,14.9917,15,6.06528
72,150,st01,FCT,circ,ideal,dim,31.58544,31.58544,31.5854,9.223197,9.223182,13.119509,0.009776,0.009776,0.0,81.1749878932722,0.9998371886635292,4.1811e-10,15.0,15,18.446379
73,150,st01,FCT,circ,olson1998,dim,128.880397,14.578962,14.579,3.225003,8.843857,12.400208,0.878523,1.602258,0.202041,79.54186136747013,0.9998636135056747,-0.0148922,15.0149,15,12.06886
74,150,st01,FCT,circ,young2022,dim,245.471729,22.126862,22.1269,1.573274,5.804069,23.903658,0.638633,1.058847,1.122008,78.59277266809185,1.0019086505733534,0.0483103,14.9517,15,7.377343
75,150,st01,FCT,circ,young2022,tet,202.665297,10.94713,10.9471,2.205984,2.66488,11.467436,0.962152,0.997179,0.691851,78.59486483755143,1.0056082222446159,0.00813891,14.9919,15,4.870864
76,150,st01,FGG,circ,czapla2022,dim,113.858792,18.45377,18.4538,1.976922,4.379414,17.724705,0.574451,0.791799,0.666806,78.84316987255966,1.0020094354625704,0.0770328,14.923,15,6.356336
77,150,st01,FGG,circ,czapla2022,tet,116.411655,14.293009,14.293,3.711558,5.163851,11.762929,0.979676,0.866584,0.61067,79.0065363396125,1.006616369570831,0.0618312,14.9382,15,8.875409000000001
78,150,st01,FGG,circ,ideal,dim,31.58544,31.58544,31.5854,9.223197,9.223182,13.119509,0.009776,0.009776,0.0,81.1749878932722,0.9998371886635292,4.1811e-10,15.0,15,18.446379
79,150,st01,FGG,circ,olson1998,dim,96.405058,14.24928,14.2493,2.663079,6.294258,15.158971,1.515628,1.597589,0.173975,79.67125866630805,1.0004099148129366,0.0373251,14.9627,15,8.957337
80,150,st01,FGG,circ,young2022,dim,158.901235,22.169609,22.1696,1.847089,5.097369,24.158349,0.704627,1.055751,1.19198,78.76597755513507,1.001969007635854,0.091925,14.9081,15,6.944457999999999
81,150,st01,FGG,circ,young2022,tet,167.97065,14.77381,14.7738,2.581967,3.312076,17.7844,0.940045,1.818341,1.145411,78.95608966394477,1.004797265027179,0.0774874,14.9225,15,5.894043
82,150,st01,G2A3T3C2,circ,czapla2022,dim,157.094802,12.745859,12.7459,1.730369,3.464639,11.323694,0.604331,0.334977,0.722626,78.67277643820043,0.9981364820894455,0.0468214,14.9532,15,5.195008
83,150,st01,G2A3T3C2,circ,czapla2022,tet,227.229939,8.885664,8.88566,0.11162,0.804078,11.617596,0.04683,1.148925,0.77214,78.51869948960355,1.0079678809934771,0.025318,14.9747,15,0.9156979999999999
84,150,st01,G2A3T3C2,circ,ideal,dim,31.58544,31.58544,31.5854,9.223197,9.223182,13.119509,0.009776,0.009776,0.0,81.1749878932722,0.9998371886635292,4.1811e-10,15.0,15,18.446379
85,150,st01,G2A3T3C2,circ,olson1998,dim,135.947639,24.599611,24.5996,6.770089,18.648359,13.758685,1.61811,1.003564,1.244884,79.80666704411493,1.0015464045943343,-0.0118486,15.0118,15,25.418447999999998
86,150,st01,G2A3T3C2,circ,young2022,dim,215.166116,14.847756,14.8478,1.699585,4.028229,14.629193,0.681253,0.424921,1.040134,78.59841568222483,0.9998103162913973,0.0521173,14.9479,15,5.7278139999999995
87,150,st01,G2A3T3C2,circ,young2022,tet,299.241876,13.016507,13.0165,0.290445,1.942227,17.207019,0.181302,1.313446,1.742975,78.42193146586136,1.0125856767808847,0.0344834,14.9655,15,2.232672
88,150,st01,G3TCGAC3,circ,czapla2022,dim,158.93899,32.124056,32.1241,6.496825,10.143674,24.308498,1.946883,0.876737,1.574655,79.24281254015065,0.9996935493978308,0.101816,14.8982,15,16.640499000000002
89,150,st01,G3TCGAC3,circ,czapla2022,tet,273.213901,44.256444,44.2564,8.202648,12.472374,32.576966,2.786013,1.591085,2.952266,78.42998194934053,1.0121722583582513,0.184314,14.8157,15,20.675022
90,150,st01,G3TCGAC3,circ,ideal,dim,31.58544,31.58544,31.5854,9.223197,9.223182,13.119509,0.009776,0.009776,0.0,81.1749878932722,0.9998371886635292,4.1811e-10,15.0,15,18.446379
91,150,st01,G3TCGAC3,circ,olson1998,dim,145.263724,22.607797,22.6078,5.589443,12.360933,16.528276,1.595801,0.275135,3.243808,81.23590876317577,0.9994959351660557,0.076062,14.9239,15,17.950376
92,150,st01,G3TCGAC3,circ,young2022,dim,217.712898,37.514255,37.5143,7.989479,11.756132,29.214569,3.162947,0.721949,2.707039,79.20299818544095,0.9999663900816829,0.134962,14.865,15,19.745611
93,150,st01,G3TCGAC3,circ,young2022,tet,341.593024,51.330196,51.3302,7.891054,13.598016,44.076322,3.168675,1.02436,4.411547,78.08483585542913,1.0167038927935899,0.250018,14.75,15,21.489069999999998
94,150,st01,G5C5,circ,czapla2022,dim,133.375329,41.464245,41.4642,10.646654,11.122189,30.516892,3.724017,1.738427,2.437363,79.93563951412565,0.9959934889030497,0.170195,14.8298,15,21.768843
95,150,st01,G5C5,circ,czapla2022,tet,137.365619,44.795268,44.7953,18.502964,12.198789,32.364497,9.926952,3.6581,1.969447,79.3768539118323,1.007647677988126,0.163366,14.8366,15,30.701752999999997
96,150,st01,G5C5,circ,ideal,dim,31.58544,31.58544,31.5854,9.223197,9.223182,13.119509,0.009776,0.009776,0.0,81.1749878932722,0.9998371886635292,4.1811e-10,15.0,15,18.446379
97,150,st01,G5C5,circ,olson1998,dim,121.293056,33.971757,33.9718,12.86248,14.21766,20.246042,3.926112,2.024491,4.302394,81.50732056691473,1.0044883171456895,0.122671,14.8773,15,27.08014
98,150,st01,G5C5,circ,young2022,dim,180.838548,49.795607,49.7956,14.181597,12.6155,36.289487,6.369234,1.161203,4.438801,79.85558109066595,1.0049448072999665,0.233504,14.7665,15,26.797097
99,150,st01,G5C5,circ,young2022,tet,242.874042,55.456364,55.4564,24.826899,9.665285,48.217211,17.005807,6.167178,3.851942,79.0593729658663,1.001901012134338,0.25327,14.7467,15,34.492184
100,150,st01,G5N5,circ,czapla2022,dim,161.30967,36.581137,36.5811,9.093515,10.208595,26.849296,2.730511,1.115527,2.105582,79.49602033667207,0.9997960528239891,0.111158,14.8888,15,19.30211
101,150,st01,G5N5,circ,czapla2022,tet,180.721134,41.356057,41.3561,15.906428,11.005101,31.015034,4.97225,3.076176,1.337456,78.84471139538715,1.0088144960320906,0.0827256,14.9173,15,26.911529
102,150,st01,G5N5,circ,ideal,dim,31.58544,31.58544,31.5854,9.223197,9.223182,13.119509,0.009776,0.009776,0.0,81.1749878932722,0.9998371886635292,4.1811e-10,15.0,15,18.446379
103,150,st01,G5N5,circ,olson1998,dim,178.917324,27.158341,27.1583,7.161099,16.488727,18.178389,2.20176,1.438462,3.72231,81.00682641155454,0.9990669640864636,0.0541006,14.9459,15,23.649826
104,150,st01,G5N5,circ,young2022,dim,226.818439,43.20577,43.2058,10.832674,11.756643,33.940061,4.000866,1.079046,4.062579,79.45806884707036,1.002695031030373,0.147762,14.8522,15,22.589317
105,150,st01,G5N5,circ,young2022,tet,241.232846,47.533957,47.534,12.469108,11.856351,44.6281,3.997832,3.894941,2.533449,78.77676911217664,1.0142837230472816,0.140631,14.8594,15,24.325459000000002
106,150,st01,GA4T4C,circ,czapla2022,dim,164.515507,15.572198,15.5722,3.903804,8.836563,6.644231,0.589099,0.240514,0.627056,78.19227014127118,0.9994669401297663,0.0264678,14.9735,15,12.740366999999999
107,150,st01,GA4T4C,circ,czapla2022,tet,214.004987,4.056329,4.05633,1.147396,2.333405,1.341002,0.098413,0.157355,0.095812,78.44998061692795,1.0084986276409598,0.0215329,14.9785,15,3.480801
108,150,st01,GA4T4C,circ,ideal,dim,31.58544,31.58544,31.5854,9.223197,9.223182,13.119509,0.009776,0.009776,0.0,81.1749878932722,0.9998371886635292,4.1811e-10,15.0,15,18.446379
109,150,st01,GA4T4C,circ,olson1998,dim,143.21419,22.883139,22.8831,6.412737,17.725601,11.437309,1.024702,0.885305,2.781827,79.4070757670116,0.9981815657271188,0.0374382,14.9626,15,24.138338
110,150,st01,GA4T4C,circ,young2022,dim,225.946998,18.200066,18.2001,4.279095,10.339691,9.150819,0.668221,0.38404,0.82423,78.07577482938093,1.0006830612129975,0.0271284,14.9729,15,14.618786
111,150,st01,GA4T4C,circ,young2022,tet,271.408633,2.851015,2.85102,0.581567,1.230765,1.546919,0.050143,0.217767,0.170717,78.38608308017206,1.0141023885571718,0.0133,14.9867,15,1.812332
112,150,st01,GA4T4G,circ,czapla2022,dim,161.278713,16.21222,16.2122,3.209599,7.57312,9.485171,0.537084,0.336497,0.637932,78.30917462739033,1.000297809726547,0.0411407,14.9589,15,10.782719
113,150,st01,GA4T4G,circ,czapla2022,tet,203.295066,3.342874,3.34287,0.757449,1.211423,2.14964,0.124037,0.106318,0.188753,78.66370464924302,0.9973980031113187,0.0347346,14.9653,15,1.968872
114,150,st01,GA4T4G,circ,olson1998,dim,138.184963,27.599457,27.5995,6.690126,24.322774,13.661315,1.589171,2.767539,1.303379,78.98479549928481,1.0005498828078465,-0.0112496,15.0112,15,31.0129
115,150,st01,GA4T4G,circ,young2022,dim,223.976499,18.943575,18.9436,3.335417,8.633706,13.135698,0.57652,0.5506,0.908902,78.20804701380902,1.0018210031972778,0.0421411,14.9579,15,11.969123
116,150,st01,GA4T4G,circ,young2022,tet,250.51832,3.700241,3.70024,1.023282,1.530992,1.895416,0.189483,0.142093,0.21975,78.64562951720822,1.0012062442705774,0.0348752,14.9651,15,2.554274
117,150,st01,GT4A4C,circ,czapla2022,dim,157.328443,18.360795,18.3608,3.077352,13.35643,12.566304,0.265238,2.259319,0.389897,78.09699968201834,1.0018723725348664,-0.0133106,15.0133,15,16.433782
118,150,st01,GT4A4C,circ,czapla2022,tet,172.004984,11.852242,11.8522,1.630676,8.492431,5.799934,0.12754,1.217584,0.83798,78.44477396187295,1.006253336813174,0.0205132,14.9795,15,10.123107
119,150,st01,GT4A4C,circ,ideal,dim,31.58544,31.58544,31.5854,9.223197,9.223182,13.119509,0.009776,0.009776,0.0,81.1749878932722,0.9998371886635292,4.1811e-10,15.0,15,18.446379
120,150,st01,GT4A4C,circ,olson1998,dim,110.445876,14.520363,14.5204,2.64166,9.526353,11.04678,0.641466,0.852749,0.491274,79.32939393415924,1.0008482279792341,-0.00556574,15.0056,15,12.168013
121,150,st01,GT4A4C,circ,young2022,dim,224.030914,21.797583,21.7976,3.383252,17.956215,19.174926,0.373921,2.774938,0.712863,78.05950438007707,0.9992404424589791,-0.0135909,15.0136,15,21.339467
122,150,st01,GT4A4C,circ,young2022,tet,222.259901,15.987018,15.987,2.265487,12.124224,9.842208,0.233079,2.100748,0.951289,78.72774150652432,1.0047668998224526,0.0304733,14.9695,15,14.389711
123,150,st01,GT4A4G,circ,czapla2022,dim,132.91318,19.461667,19.4617,3.220293,13.646897,13.806743,0.261523,2.413034,0.272611,78.3007005288279,1.003132538059958,0.0386643,14.9613,15,16.86719
124,150,st01,GT4A4G,circ,czapla2022,tet,154.744228,15.012639,15.0126,2.219015,10.761683,7.824281,0.126324,1.967686,0.558335,79.00393478566876,1.0023988307883025,0.0610011,14.939,15,12.980698
125,150,st01,GT4A4G,circ,olson1998,dim,89.379564,14.551991,14.552,1.928348,7.589479,14.374311,1.303285,0.694404,0.512685,79.29661262478712,0.9990032437285962,0.0281619,14.9718,15,9.517827
126,150,st01,GT4A4G,circ,young2022,dim,186.122318,22.271174,22.2712,3.289179,17.430986,20.669464,0.345906,2.920887,0.606788,78.25642947917092,1.0010251199761313,0.0431484,14.9569,15,20.720165
127,150,st01,GT4A4G,circ,young2022,tet,229.887793,20.330779,20.3308,3.334135,15.987918,12.258057,0.253393,2.97913,0.755624,79.0285337802892,1.004303615378031,0.0665723,14.9334,15,19.322053
128,150,st01,IAC,circ,czapla2022,dim,162.151946,29.279241,29.2792,5.524775,9.748132,22.847175,1.287455,1.094225,1.374158,78.94965838915184,1.0030094729546652,0.0293439,14.9707,15,15.272907
129,150,st01,IAC,circ,czapla2022,tet,150.2242,28.471562,28.4716,8.548728,11.612636,19.527534,1.691369,1.459229,1.361248,78.77057868704836,1.0111835728797332,0.0338637,14.9661,15,20.161364
130,150,st01,IAC,circ,ideal,dim,31.58544,31.58544,31.5854,9.223197,9.223182,13.119509,0.009776,0.009776,0.0,81.1749878932722,0.9998371886635292,4.1811e-10,15.0,15,18.446379
131,150,st01,IAC,circ,olson1998,dim,148.859162,21.214673,21.2147,6.175468,13.193635,13.925426,1.11516,3.003402,0.589739,80.16184371216505,1.0005626641693812,0.00291867,14.9971,15,19.369103000000003
132,150,st01,IAC,circ,young2022,dim,233.168756,35.624969,35.625,6.694115,12.273275,30.601018,1.978765,1.353845,2.376036,78.87901003495018,0.9968734666010565,0.0408551,14.9591,15,18.96739
133,150,st01,IAC,circ,young2022,tet,182.000101,29.414088,29.4141,9.500043,13.878332,23.698745,2.749382,3.249388,1.918486,78.6693833631375,1.0076969466379775,0.0376748,14.9623,15,23.378375
134,150,st01,IAG,circ,czapla2022,dim,141.158018,25.046232,25.0462,4.82787,7.191098,19.40058,1.120446,0.620612,1.181911,78.97393499316121,0.9970284692784733,0.0529186,14.9471,15,12.018968000000001
135,150,st01,IAG,circ,czapla2022,tet,141.556415,21.612382,21.6124,9.047459,8.286299,12.331085,2.26791,0.862672,0.960833,79.24028778806294,1.004536244518158,0.03883,14.9612,15,17.333758
136,150,st01,IAG,circ,ideal,dim,31.58544,31.58544,31.5854,9.223197,9.223182,13.119509,0.009776,0.009776,0.0,81.1749878932722,0.9998371886635292,4.1811e-10,15.0,15,18.446379
137,150,st01,IAG,circ,olson1998,dim,140.748347,22.144359,22.1444,7.308662,11.91567,15.338605,1.68298,2.793467,0.553606,80.24123342058594,0.999360332368543,0.0162573,14.9837,15,19.224332
138,150,st01,IAG,circ,young2022,dim,199.867055,30.408061,30.4081,5.827924,8.913162,25.491262,1.774761,0.709202,2.223734,78.92397357718015,0.9977320354708452,0.0700603,14.9299,15,14.741086
139,150,st01,IAG,circ,young2022,tet,177.166756,20.744557,20.7446,9.661856,8.680201,12.764148,3.968765,0.950382,1.084684,79.21645204097878,1.0025988235698098,0.0453673,14.9546,15,18.342057
140,150,st01,IAT,circ,czapla2022,dim,181.207266,19.502979,19.503,1.865726,7.079322,21.470869,0.561524,2.257176,0.950303,79.01596165564888,1.0022044361445228,-0.000848325,15.0008,15,8.945048
141,150,st01,IAT,circ,czapla2022,tet,169.270214,14.23385,14.2339,3.494427,8.429175,13.06888,0.803889,0.508623,1.166214,78.92157209785093,1.0071946965220282,0.00326595,14.9967,15,11.923602
142,150,st01,IAT,circ,ideal,dim,31.58544,31.58544,31.5854,9.223197,9.223182,13.119509,0.009776,0.009776,0.0,81.1749878932722,0.9998371886635292,4.1811e-10,15.0,15,18.446379
143,150,st01,IAT,circ,olson1998,dim,149.135058,19.434068,19.4341,4.416316,11.986391,15.613578,1.040672,1.5768,0.806237,80.33075175345412,1.0001615308932867,0.015973,14.984,15,16.402707
144,150,st01,IAT,circ,young2022,dim,261.830978,23.089657,23.0897,1.766983,9.904083,29.938949,0.755707,2.835803,1.712777,78.98964262170615,1.0019958911847318,0.00776462,14.9922,15,11.671066
145,150,st01,IAT,circ,young2022,tet,214.619653,15.342084,15.3421,3.449348,10.624654,18.264878,1.297117,0.617903,2.355766,79.01717987413534,1.0034042693909857,0.0136935,14.9863,15,14.074002
146,150,st02,A150,circ,czapla2022,dim,180.545104,41.293824,41.2938,8.09496,23.813465,20.763073,0.134652,1.208881,0.621718,76.9885706710712,1.0068789527886792,0.0778637,13.9221,14,31.908425
147,150,st02,A150,circ,czapla2022,tet,194.985218,67.076234,67.0762,8.888055,31.259087,48.033361,0.134507,2.998827,1.012095,77.26146859412155,1.0310027754979747,0.0720109,13.928,14,40.147142
148,150,st02,A150,circ,ideal,dim,20.548529,20.548529,20.5485,9.223206,9.223196,2.098998,0.001564,0.001564,0.0,81.17494976063104,1.0000505542960745,-4.87074e-11,14.0,14,18.446402
149,150,st02,A150,circ,olson1998,dim,89.276975,33.723358,33.7234,6.637909,25.220567,23.329437,1.570018,1.161189,0.352741,77.76128325582268,0.9931320646355277,0.0466982,13.9533,14,31.858476
150,150,st02,A150,circ,young2022,dim,234.277724,42.674738,42.6747,9.398382,28.959379,19.331353,0.182181,1.429333,0.83296,76.90648169807342,0.9864730452841989,0.0773174,13.9227,14,38.357760999999996
151,150,st02,A150,circ,young2022,tet,304.518801,81.424963,81.425,14.231554,40.109052,52.687647,0.456351,4.637843,1.333826,77.44256221851315,1.0487968468864517,0.0708465,13.9292,14,54.340605999999994
152,150,st02,A3N7,circ,czapla2022,dim,181.844356,27.64318,27.6432,12.135153,17.393561,6.723129,2.062751,0.729905,0.613899,77.98001009744085,1.0366321688853612,0.175844,13.8242,14,29.528714
153,150,st02,A3N7,circ,czapla2022,tet,208.392217,24.126232,24.1262,11.880661,18.326825,7.951767,2.03522,1.969914,0.841379,77.85322274091287,1.0625534125735165,0.105262,13.8947,14,30.207486
154,150,st02,A3N7,circ,ideal,dim,20.548529,20.548529,20.5485,9.223206,9.223196,2.098998,0.001564,0.001564,0.0,81.17494976063104,1.0000505542960745,-4.87074e-11,14.0,14,18.446402
155,150,st02,A3N7,circ,olson1998,dim,136.759416,24.14642,24.1464,11.2831,19.801012,7.259381,2.056299,2.649279,1.934358,79.77781546839994,1.0169761500157495,0.0621753,13.9378,14,31.084111999999998
156,150,st02,A3N7,circ,young2022,dim,247.501607,31.916607,31.9166,15.439699,20.297086,8.2563,3.459833,0.746363,0.994002,77.84046379347038,1.0281890138878846,0.205355,13.7946,14,35.736785
157,150,st02,A3N7,circ,young2022,tet,290.963777,27.588329,27.5883,14.383763,21.651559,11.430193,3.795147,1.933956,1.0775,77.64685734189759,1.0698512444786106,0.133204,13.8668,14,36.035322
158,150,st02,A4N6,circ,czapla2022,dim,185.505136,29.625404,29.6254,11.529444,18.256617,9.047271,1.827598,0.717623,0.695683,77.7580027196382,1.067677262308971,0.133439,13.8666,14,29.786060999999997
159,150,st02,A4N6,circ,czapla2022,tet,216.250239,31.13812,31.1381,10.872101,23.237996,18.729774,1.926229,1.983241,1.236954,77.36797966025298,1.2066896372938414,0.0701541,13.9298,14,34.110096999999996
160,150,st02,A4N6,circ,ideal,dim,20.548529,20.548529,20.5485,9.223206,9.223196,2.098998,0.001564,0.001564,0.0,81.17494976063104,1.0000505542960745,-4.87074e-11,14.0,14,18.446402
161,150,st02,A4N6,circ,olson1998,dim,135.82293,24.530464,24.5305,10.250193,19.934435,9.245071,1.675992,2.665889,1.573818,79.4719298006674,1.0120341087634062,0.0481131,13.9519,14,30.184628
162,150,st02,A4N6,circ,young2022,dim,251.693456,33.712437,33.7124,14.290605,21.332868,11.154974,2.989898,0.794364,1.087871,77.6156489233119,1.0758490640585463,0.154922,13.8451,14,35.623473000000004
163,150,st02,A4N6,circ,young2022,tet,281.545119,32.852931,32.8529,12.258337,28.974949,26.15288,3.667639,2.079033,1.536769,76.93805214218355,1.2423640390437023,0.069832,13.9302,14,41.233286
164,150,st02,A5C5,circ,czapla2022,dim,177.566224,32.473489,32.4735,10.903784,18.701689,12.022505,1.662447,0.655026,0.844184,77.45672907957743,1.1946634881271347,0.159333,13.8407,14,29.605472999999996
165,150,st02,A5C5,circ,czapla2022,tet,196.195899,33.119157,33.1192,12.39498,21.980479,19.581801,2.987013,2.690142,1.526598,75.85283175525292,1.4042695686553104,0.115532,13.8845,14,34.375459
166,150,st02,A5C5,circ,ideal,dim,20.548529,20.548529,20.5485,9.223206,9.223196,2.098998,0.001564,0.001564,0.0,81.17494976063104,1.0000505542960745,-4.87074e-11,14.0,14,18.446402
167,150,st02,A5C5,circ,olson1998,dim,118.141137,24.43372,24.4337,9.717722,20.232036,9.55035,1.851857,1.883277,1.620615,79.39965887131576,1.0370546598796442,0.0769409,13.9231,14,29.949758000000003
168,150,st02,A5C5,circ,young2022,dim,238.732777,36.667855,36.6679,13.101393,21.597516,14.978533,2.677905,0.690872,1.353227,77.29700307729486,1.206020919866528,0.179259,13.8207,14,34.698909
169,150,st02,A5C5,circ,young2022,tet,280.744324,36.65184,36.6518,13.484637,25.975892,27.510437,5.256516,2.783396,2.317187,74.75017256071449,1.4785630284586828,0.0970996,13.9029,14,39.460529
170,150,st02,A5N5,circ,czapla2022,dim,183.101442,32.130213,32.1302,10.243299,19.801415,11.27811,1.018212,0.783025,0.873369,77.39463761246107,1.13955109799978,0.113358,13.8866,14,30.044714
171,150,st02,A5N5,circ,czapla2022,tet,196.457445,36.202043,36.202,12.176593,21.804382,15.99775,1.577612,1.376004,1.599265,77.58468104623766,1.1089418729586253,0.0992953,13.9007,14,33.980975
172,150,st02,A5N5,circ,ideal,dim,20.548529,20.548529,20.5485,9.223206,9.223196,2.098998,0.001564,0.001564,0.0,81.17494976063104,1.0000505542960745,-4.87074e-11,14.0,14,18.446402
173,150,st02,A5N5,circ,olson1998,dim,140.587107,26.953254,26.9533,9.204026,21.150679,13.263447,1.247541,3.547419,1.203084,78.7864994788448,1.0548739554606799,0.0455672,13.9544,14,30.354705000000003
174,150,st02,A5N5,circ,young2022,dim,252.191332,36.066597,36.0666,12.082674,23.345991,14.032731,1.586117,0.907623,1.379603,77.18895838829059,1.1518240638558537,0.127122,13.8729,14,35.428665
175,150,st02,A5N5,circ,young2022,tet,252.877456,40.036559,40.0366,13.099548,25.447248,22.732474,2.478167,2.23822,2.82619,77.10244234632123,1.224598557494869,0.0797319,13.9203,14,38.546796
176,150,st02,A6N4,circ,czapla2022,dim,192.82687,33.965388,33.9654,10.428565,19.275549,14.254003,1.399451,0.767695,1.050143,76.84198031699108,1.2184858917240973,0.0647353,13.9353,14,29.704114000000004
177,150,st02,A6N4,circ,czapla2022,tet,207.052458,41.934517,41.9345,12.029195,23.493597,26.458324,2.215321,2.200441,1.939674,75.08326246570209,1.4807933202530017,-0.0498077,14.0498,14,35.522792
178,150,st02,A6N4,circ,ideal,dim,20.548529,20.548529,20.5485,9.223206,9.223196,2.098998,0.001564,0.001564,0.0,81.17494976063104,1.0000505542960745,-4.87074e-11,14.0,14,18.446402
179,150,st02,A6N4,circ,olson1998,dim,133.443638,27.582175,27.5822,8.666178,21.221788,14.920857,1.26641,3.015215,0.872043,78.78381492260093,1.0778649883576759,0.0245613,13.9754,14,29.887966
180,150,st02,A6N4,circ,young2022,dim,260.077383,37.533945,37.5339,12.285094,22.707322,16.711745,2.235861,0.869474,1.549342,76.70348878624903,1.2219052860388884,0.0737278,13.9263,14,34.992416000000006
181,150,st02,A6N4,circ,young2022,tet,286.751675,44.170942,44.1709,13.837998,30.156501,33.070566,4.036048,3.328474,2.823021,72.56742017084747,1.6426831729132298,-0.148354,14.1484,14,43.994499
182,150,st02,A8N2,circ,czapla2022,dim,188.548261,35.542403,35.5424,9.294474,21.434992,14.501359,0.672963,0.864025,0.721216,76.96772435079865,1.1501495128143866,0.0890662,13.9109,14,30.729466000000002
183,150,st02,A8N2,circ,czapla2022,tet,219.638302,45.317588,45.3176,10.629399,26.75741,28.192853,0.619798,3.400589,1.513263,74.31128764820792,1.5444083552388577,-0.0371038,14.0371,14,37.386809
184,150,st02,A8N2,circ,ideal,dim,20.548529,20.548529,20.5485,9.223206,9.223196,2.098998,0.001564,0.001564,0.0,81.17494976063104,1.0000505542960745,-4.87074e-11,14.0,14,18.446402
185,150,st02,A8N2,circ,olson1998,dim,115.331522,28.243285,28.2433,7.821762,22.638505,15.295382,1.024283,2.261322,0.801813,78.2508167714196,1.0842239206122473,0.0394617,13.9605,14,30.460266999999998
186,150,st02,A8N2,circ,young2022,dim,251.307945,38.401278,38.4013,10.72807,25.446762,15.737625,1.075145,0.94443,1.080465,76.85162016119587,1.1551952676354342,0.0942166,13.9058,14,36.174832
187,150,st02,A8N2,circ,young2022,tet,308.383858,51.51782,51.5178,11.733894,32.732701,37.920682,1.815184,4.318697,2.159756,72.82627974940299,1.647001234878529,-0.0957091,14.0957,14,44.466595
188,150,st02,A9N1,circ,czapla2022,dim,192.20913,36.869999,36.87,8.645717,22.761345,15.496404,0.273778,1.033185,0.686698,77.0297713755731,1.0715261817863597,0.0735614,13.9264,14,31.407061999999996
189,150,st02,A9N1,circ,czapla2022,tet,199.300662,48.847218,48.8472,9.190667,27.261825,28.178037,0.294657,2.308105,1.342858,77.56954257221167,1.0652437709624238,0.0932317,13.9068,14,36.452492
190,150,st02,A9N1,circ,ideal,dim,20.548529,20.548529,20.5485,9.223206,9.223196,2.098998,0.001564,0.001564,0.0,81.17494976063104,1.0000505542960745,-4.87074e-11,14.0,14,18.446402
191,150,st02,A9N1,circ,olson1998,dim,114.395081,30.738545,30.7385,7.174156,23.807829,19.151845,0.906849,2.647385,0.49717,77.96082050211193,1.0545275096378808,0.0394457,13.9606,14,30.981985
192,150,st02,A9N1,circ,young2022,dim,255.499919,39.237195,39.2372,9.964077,27.477628,15.484842,0.409553,1.160366,1.006537,76.92788941915812,1.0717905534614665,0.0747645,13.9252,14,37.441705
193,150,st02,A9N1,circ,young2022,tet,284.169258,58.225798,58.2258,12.614484,32.191705,36.2254,0.883674,3.66359,2.169989,77.15783874024969,1.2340363510222412,0.0716537,13.9283,14,44.806188999999996
194,150,st02,CA4T4C,circ,czapla2022,dim,222.612721,36.487421,36.4874,10.000301,21.857967,14.866139,1.009522,0.837425,0.945438,76.86136981123967,1.1872787302278722,0.078216,13.9218,14,31.858268
195,150,st02,CA4T4C,circ,czapla2022,tet,312.599787,44.320374,44.3204,14.127359,36.686183,16.816629,2.932505,3.426085,1.412737,58.96052596139731,1.7825165901547688,-0.623815,14.6238,14,50.813542
196,150,st02,CA4T4C,circ,ideal,dim,20.548529,20.548529,20.5485,9.223206,9.223196,2.098998,0.001564,0.001564,0.0,81.17494976063104,1.0000505542960745,-4.87074e-11,14.0,14,18.446402
197,150,st02,CA4T4C,circ,olson1998,dim,142.147399,26.721283,26.7213,7.697355,22.213392,12.137684,0.808889,2.401249,1.593333,78.44662562775622,1.058666018768573,0.033817,13.9662,14,29.910747
198,150,st02,CA4T4C,circ,young2022,dim,300.177769,39.597657,39.5977,11.57085,25.567944,16.481631,1.451037,1.022634,1.339735,76.71325042919526,1.201272422882429,0.0814503,13.9185,14,37.138794000000004
199,150,st02,CA4T4C,circ,young2022,tet,405.250684,52.009082,52.0091,15.515106,44.00991,28.72001,3.902027,3.533748,2.244602,62.0186444724859,1.8462328185223789,-0.52518,14.5252,14,59.525015999999994
200,150,st02,CA4T4G,circ,czapla2022,dim,227.979882,35.745371,35.7454,9.317126,22.080114,14.273943,0.722942,0.913365,0.967426,76.74667055654191,1.2052604953549342,0.0625014,13.9375,14,31.397239999999996
201,150,st02,CA4T4G,circ,czapla2022,tet,281.462781,46.658512,46.6585,14.7846,25.168441,24.786223,3.241173,3.009785,2.522462,71.31365098081989,1.7480854933678631,-0.207801,14.2078,14,39.953041
202,150,st02,CA4T4G,circ,olson1998,dim,147.708889,27.438528,27.4385,7.17814,22.799363,14.48387,0.597041,4.404702,0.467255,78.35347678960953,1.061189913543679,0.033875,13.9661,14,29.977503
203,150,st02,CA4T4G,circ,young2022,dim,313.385183,39.008428,39.0084,10.688655,26.057262,15.954169,1.076584,1.129901,1.384279,76.56613688274052,1.218443195406695,0.0636333,13.9364,14,36.745917000000006
204,150,st02,CA4T4G,circ,young2022,tet,356.057259,53.371496,53.3715,18.980259,29.639384,31.676671,5.232254,5.024323,2.703563,70.4846539616587,1.7681100477895084,-0.244015,14.244,14,48.619642999999996
205,150,st02,CT4A4C,circ,czapla2022,dim,173.897251,29.870958,29.871,7.906082,21.472388,12.721968,0.42918,2.504856,0.45388,77.46246955201492,1.018636293984778,0.117628,13.8824,14,29.37847
206,150,st02,CT4A4C,circ,czapla2022,tet,219.427988,37.098457,37.0985,7.468253,24.643933,19.299564,0.367169,3.975516,1.539924,78.2919881954952,1.047811626758113,0.126801,13.8732,14,32.112186
207,150,st02,CT4A4C,circ,olson1998,dim,140.379503,27.330045,27.33,7.391562,22.611871,14.463274,1.091753,1.715247,1.322712,78.50932989115354,1.1029133077134667,0.0635162,13.9365,14,30.003433
208,150,st02,CT4A4C,circ,young2022,dim,233.152146,31.988719,31.9887,8.933589,26.279646,15.056783,0.661667,2.737749,0.742126,77.3593440713434,1.0202959243359273,0.128999,13.871,14,35.213235
209,150,st02,CT4A4C,circ,young2022,tet,308.578493,38.636134,38.6361,8.541774,29.974243,19.003107,0.455901,4.091833,1.944769,78.16188399008955,1.090231930112718,0.14954,13.8505,14,38.516017000000005
210,150,st02,CT4A4G,circ,czapla2022,dim,160.447005,30.466751,30.4668,7.886306,21.418722,13.325672,0.346604,2.545367,0.505968,77.41685645587249,1.0095314626373388,0.107429,13.8926,14,29.305028
211,150,st02,CT4A4G,circ,czapla2022,tet,224.886871,48.202977,48.203,9.736044,23.723421,33.354313,1.024307,4.288229,2.394902,77.76793172866553,1.0903191736611422,0.0819588,13.918,14,33.459464999999994
212,150,st02,CT4A4G,circ,ideal,dim,20.548529,20.548529,20.5485,9.223206,9.223196,2.098998,0.001564,0.001564,0.0,81.17494976063104,1.0000505542960745,-4.87074e-11,14.0,14,18.446402
213,150,st02,CT4A4G,circ,olson1998,dim,139.073801,28.650889,28.6509,7.706197,22.709998,16.457504,1.455327,2.005856,1.136913,78.34740683404405,1.130948177137825,0.0625987,13.9374,14,30.416195
214,150,st02,CT4A4G,circ,young2022,dim,217.004926,32.365028,32.365,8.84019,26.329148,15.450901,0.484524,2.804988,0.77417,77.29445404264345,1.0044641863381287,0.119683,13.8803,14,35.169337999999996
215,150,st02,CT4A4G,circ,young2022,tet,337.497591,51.239161,51.2392,12.189721,30.627165,37.279664,2.26013,5.977122,3.898634,77.77449278413103,0.9871050104261269,0.107338,13.8927,14,42.816886000000004
216,150,st02,FCT,circ,czapla2022,dim,220.658317,32.99997,33.0,10.457628,20.007009,12.496507,1.44526,0.822008,0.868166,77.19888389696233,1.1969722484099234,0.102675,13.8973,14,30.464637
217,150,st02,FCT,circ,czapla2022,tet,214.352816,41.401894,41.4019,13.758329,21.767124,22.48694,2.398274,2.040493,1.491575,75.68664229693036,1.4279076102121069,-0.0254617,14.0255,14,35.525453
218,150,st02,FCT,circ,ideal,dim,20.548529,20.548529,20.5485,9.223206,9.223196,2.098998,0.001564,0.001564,0.0,81.17494976063104,1.0000505542960745,-4.87074e-11,14.0,14,18.446402
219,150,st02,FCT,circ,olson1998,dim,145.041268,25.124615,25.1246,8.594867,20.723137,11.585168,1.318993,3.172915,1.132472,78.88209760874462,1.0690448653112066,0.0256954,13.9743,14,29.318004000000002
220,150,st02,FCT,circ,young2022,dim,305.001493,36.981427,36.9814,12.355411,23.327247,15.582371,2.304158,0.968881,1.334989,76.99776978209319,1.209885228044297,0.11468,13.8853,14,35.682658
221,150,st02,FCT,circ,young2022,tet,291.527438,45.821249,45.8212,15.843301,27.250721,30.682972,3.807646,3.78774,2.45956,72.88012707929119,1.640880973440105,-0.126699,14.1267,14,43.094021999999995
222,150,st02,FGG,circ,czapla2022,dim,164.115969,31.857874,31.8579,10.828267,18.69651,11.423477,1.550316,0.720248,0.63669,77.56924628145515,1.129753400439951,0.14863,13.8514,14,29.524777
223,150,st02,FGG,circ,czapla2022,tet,173.299137,36.76152,36.7615,13.456602,20.619013,17.283813,2.522162,2.088014,1.057336,77.64375240428721,1.1397758535926505,0.123957,13.876,14,34.075615
224,150,st02,FGG,circ,ideal,dim,20.548529,20.548529,20.5485,9.223206,9.223196,2.098998,0.001564,0.001564,0.0,81.17494976063104,1.0000505542960745,-4.87074e-11,14.0,14,18.446402
225,150,st02,FGG,circ,olson1998,dim,118.355131,24.884352,24.8844,9.854938,20.042868,11.370735,2.058459,2.968692,1.428662,79.17684050093048,1.082790028479264,0.0792063,13.9208,14,29.897806
226,150,st02,FGG,circ,young2022,dim,222.585587,35.800198,35.8002,13.092907,21.672048,14.252435,2.47682,0.796767,1.074808,77.39597831976943,1.143145213407841,0.169273,13.8307,14,34.764955
227,150,st02,FGG,circ,young2022,tet,261.584817,42.136468,42.1365,16.65743,22.427085,25.041227,4.549422,3.105764,2.07351,76.55102922648885,1.3313707094223026,0.117658,13.8823,14,39.084515
228,150,st02,G2A3T3C2,circ,czapla2022,dim,221.523837,36.194862,36.1949,11.789056,18.680455,16.115007,1.872711,0.565845,1.261362,76.6680946290596,1.2670775332265898,0.0699549,13.93,14,30.469510999999997
229,150,st02,G2A3T3C2,circ,czapla2022,tet,331.512167,33.357777,33.3578,16.201791,20.25269,10.584854,6.619746,1.4691,1.472922,45.106871738263976,1.2262462305044635,-0.918312,14.9183,14,36.454481
230,150,st02,G2A3T3C2,circ,ideal,dim,20.548529,20.548529,20.5485,9.223206,9.223196,2.098998,0.001564,0.001564,0.0,81.17494976063104,1.0000505542960745,-4.87074e-11,14.0,14,18.446402
231,150,st02,G2A3T3C2,circ,olson1998,dim,150.021861,24.95461,24.9546,8.699473,21.008303,9.001094,1.200073,0.911337,2.341674,79.13758722135356,1.0300261651823523,0.0243526,13.9756,14,29.707776000000003
232,150,st02,G2A3T3C2,circ,young2022,dim,295.739341,39.963365,39.9634,13.764896,21.602859,18.950509,2.765132,0.691253,1.839648,76.42568514648757,1.2877953078338285,0.0736766,13.9263,14,35.367755
233,150,st02,G2A3T3C2,circ,young2022,tet,457.482143,36.961065,36.9611,17.825571,21.336523,15.258885,8.087471,1.89584,2.326172,46.79759900688306,1.268878813588986,-0.874066,14.8741,14,39.162093999999996
234,150,st02,G3TCGAC3,circ,czapla2022,dim,194.373853,25.947789,25.9478,13.237867,15.617724,5.146229,2.510387,0.439396,0.669397,78.02281724423894,1.0140058794708258,0.184709,13.8153,14,28.855591
235,150,st02,G3TCGAC3,circ,czapla2022,tet,305.306281,27.223906,27.2239,17.109549,15.597925,2.77646,3.767646,0.779016,0.632346,77.18009662686579,1.03228472712427,0.234835,13.7652,14,32.707474000000005
236,150,st02,G3TCGAC3,circ,ideal,dim,20.548529,20.548529,20.5485,9.223206,9.223196,2.098998,0.001564,0.001564,0.0,81.17494976063104,1.0000505542960745,-4.87074e-11,14.0,14,18.446402
237,150,st02,G3TCGAC3,circ,olson1998,dim,163.480633,24.13945,24.1394,11.727253,18.980097,5.833691,2.164913,0.468913,3.620896,80.23330887197599,1.028099702986148,0.117173,13.8828,14,30.707349999999998
238,150,st02,G3TCGAC3,circ,young2022,dim,259.461577,30.340507,30.3405,16.956191,17.976419,6.041988,4.153728,0.407204,1.138368,77.8560693438175,1.012567597747329,0.219056,13.7809,14,34.93261
239,150,st02,G3TCGAC3,circ,young2022,tet,409.039741,29.504555,29.5046,18.271685,17.13858,3.591409,4.21484,1.060359,1.231911,76.79455791056847,1.0079139137939856,0.296042,13.704,14,35.410265
240,150,st02,G5C5,circ,czapla2022,dim,155.537446,23.609292,23.6093,13.334863,14.454728,3.336684,2.845594,0.634473,0.26148,78.50053547547752,1.0080300969714076,0.285862,13.7141,14,27.789591
241,150,st02,G5C5,circ,czapla2022,tet,159.973646,22.872367,22.8724,16.078495,14.015863,3.940904,4.656268,1.458704,0.17051,77.89669117459377,0.999440269781621,0.228168,13.7718,14,30.094358
242,150,st02,G5C5,circ,ideal,dim,20.548529,20.548529,20.5485,9.223206,9.223196,2.098998,0.001564,0.001564,0.0,81.17494976063104,1.0000505542960745,-4.87074e-11,14.0,14,18.446402
243,150,st02,G5C5,circ,olson1998,dim,116.400397,24.399518,24.3995,16.065437,19.919047,2.182886,4.026277,1.557445,3.814456,80.7417453820952,1.05262458951424,0.157742,13.8423,14,35.984483999999995
244,150,st02,G5C5,circ,young2022,dim,209.512294,27.960973,27.961,18.072656,16.239928,3.674939,4.933858,0.478472,0.578421,78.33177140327494,0.99453776495642,0.341113,13.6589,14,34.312584
245,150,st02,G5C5,circ,young2022,tet,270.459714,27.178706,27.1787,22.605992,14.729049,3.848573,8.456322,1.422649,0.34671,77.38630739964947,1.020803140431233,0.342405,13.6576,14,37.335041000000004
246,150,st02,G5N5,circ,czapla2022,dim,174.691139,25.299929,25.2999,12.79542,15.884294,4.269354,2.240956,0.61233,0.550625,78.18126101078713,1.0391733780466648,0.199243,13.8008,14,28.679714
247,150,st02,G5N5,circ,czapla2022,tet,184.021286,24.485506,24.4855,14.934666,15.254734,3.879469,3.078455,1.385021,0.457381,77.75322502633755,1.0279556574504227,0.189507,13.8105,14,30.1894
248,150,st02,G5N5,circ,ideal,dim,20.548529,20.548529,20.5485,9.223206,9.223196,2.098998,0.001564,0.001564,0.0,81.17494976063104,1.0000505542960745,-4.87074e-11,14.0,14,18.446402
249,150,st02,G5N5,circ,olson1998,dim,168.605164,24.370904,24.3709,12.855622,20.036786,4.646004,2.34746,2.064076,3.110513,80.16109241381785,1.0322451428863375,0.0887296,13.9113,14,32.892408
250,150,st02,G5N5,circ,young2022,dim,239.369421,29.634848,29.6348,16.562222,18.33296,5.1438,3.74632,0.573514,1.060307,77.99661452512818,1.0296103200691185,0.239552,13.7604,14,34.895182
251,150,st02,G5N5,circ,young2022,tet,262.087446,28.454066,28.4541,20.472863,17.598849,5.38147,5.283303,1.394608,1.549687,77.69906094633689,1.042856149846031,0.224215,13.7758,14,38.071712000000005
252,150,st02,GA4T4C,circ,czapla2022,dim,228.845419,38.241155,38.2412,10.841901,21.461285,17.132353,1.322546,0.764723,1.144586,76.69599169257017,1.188233398665265,0.0626453,13.9374,14,32.303186
253,150,st02,GA4T4C,circ,czapla2022,tet,333.129744,52.685483,52.6855,15.556942,36.866428,18.868686,2.086672,2.249783,0.76981,63.23863004600565,2.027444838798295,-0.522765,14.5228,14,52.42337
254,150,st02,GA4T4C,circ,ideal,dim,20.548529,20.548529,20.5485,9.223206,9.223196,2.098998,0.001564,0.001564,0.0,81.17494976063104,1.0000505542960745,-4.87074e-11,14.0,14,18.446402
255,150,st02,GA4T4C,circ,olson1998,dim,149.493622,28.879858,28.8799,7.125626,22.230218,16.284056,0.905797,0.959535,2.242845,78.46334610051488,1.0463660919226594,0.057588,13.9424,14,29.355844
256,150,st02,GA4T4C,circ,young2022,dim,304.123072,41.260017,41.26,12.577454,25.36309,18.494517,1.867052,0.975181,1.540556,76.61051699025762,1.185261287442159,0.0658347,13.9342,14,37.940544
257,150,st02,GA4T4C,circ,young2022,tet,448.244549,54.502374,54.5024,17.101612,41.007803,17.046622,2.555783,1.445667,1.240985,56.736677769442444,1.8170247619703288,-0.719226,14.7192,14,58.109415
258,150,st02,GA4T4G,circ,czapla2022,dim,222.612652,36.48745,36.4874,10.00031,21.857801,14.866325,1.009582,0.837433,0.94544,76.86128557860148,1.1919812936972634,0.0782122,13.9218,14,31.858111
259,150,st02,GA4T4G,circ,czapla2022,tet,313.641876,44.066236,44.0662,14.03196,36.485955,16.682835,2.878675,3.414205,1.410622,58.96685027520929,1.7726146272259717,-0.620643,14.6206,14,50.517914999999995
260,150,st02,GA4T4G,circ,olson1998,dim,139.82928,26.630545,26.6305,7.745675,22.165889,12.246582,0.814815,2.460326,1.513528,78.4597617129381,1.0503523801407635,0.0315413,13.9685,14,29.911564
261,150,st02,GA4T4G,circ,young2022,dim,300.177695,39.597702,39.5977,11.570777,25.568091,16.481653,1.451106,1.022609,1.339742,76.71327379747048,1.2021350809172064,0.0814511,13.9185,14,37.138868
262,150,st02,GA4T4G,circ,young2022,tet,405.726805,51.715028,51.715,15.614903,43.983662,28.402652,4.157521,3.554921,2.243779,61.83240978908629,1.8425863733652255,-0.530356,14.5304,14,59.598565
263,150,st02,GT4A4C,circ,czapla2022,dim,198.947357,30.231949,30.2319,8.091753,21.458228,13.592924,0.54609,2.547505,0.643492,77.23280041710733,1.0268600422600809,0.0616675,13.9383,14,29.549981
264,150,st02,GT4A4C,circ,czapla2022,tet,226.059321,37.371368,37.3714,7.104407,23.47113,20.363783,0.402259,3.455823,2.027291,77.97240912938533,1.0054600630931747,0.0785437,13.9215,14,30.575536999999997
265,150,st02,GT4A4C,circ,ideal,dim,20.548529,20.548529,20.5485,9.223206,9.223196,2.098998,0.001564,0.001564,0.0,81.17494976063104,1.0000505542960745,-4.87074e-11,14.0,14,18.446402
266,150,st02,GT4A4C,circ,olson1998,dim,144.472627,29.336382,29.3364,6.890616,22.973018,16.946717,0.846051,1.660867,0.948608,78.47314248839989,1.076450263472955,0.0372528,13.9627,14,29.863633999999998
267,150,st02,GT4A4C,circ,young2022,dim,266.452048,32.37497,32.375,9.17853,26.491239,15.719194,0.871176,2.80732,0.961536,77.13545108657773,1.012086623178333,0.0674721,13.9325,14,35.669769
268,150,st02,GT4A4C,circ,young2022,tet,293.783678,37.216764,37.2168,7.873863,28.65379,19.670967,0.720821,4.088309,2.286294,77.88351180235941,1.039922008740447,0.113028,13.887,14,36.527653
269,150,st02,GT4A4G,circ,czapla2022,dim,173.897183,29.870958,29.871,7.906174,21.472264,12.721695,0.429185,2.504723,0.453884,77.46245437376707,1.0211141850035872,0.117628,13.8824,14,29.378438
270,150,st02,GT4A4G,circ,czapla2022,tet,219.980439,36.897491,36.8975,7.391272,24.574976,19.095018,0.370197,3.927375,1.523033,78.29470749206453,1.0361801580707435,0.127655,13.8723,14,31.966248
271,150,st02,GT4A4G,circ,olson1998,dim,127.941094,27.244068,27.2441,7.502569,22.547789,14.42062,1.35487,1.716213,1.106439,78.53771971269983,1.10074894919804,0.0655396,13.9345,14,30.050358000000003
272,150,st02,GT4A4G,circ,young2022,dim,233.152038,31.988719,31.9887,8.933658,26.27951,15.056714,0.66167,2.737694,0.742136,77.35936643888728,1.0300355629278957,0.128999,13.871,14,35.213167999999996
273,150,st02,GT4A4G,circ,young2022,tet,308.752844,38.456311,38.4563,8.430882,29.935945,18.848912,0.45328,4.078057,1.931969,78.16562318690879,1.0700087235567115,0.150425,13.8496,14,38.366827
274,150,st02,IAC,circ,czapla2022,dim,200.829955,27.04979,27.0498,11.319645,17.999292,6.278073,1.570137,0.869334,0.776557,77.77325757374088,1.0679620931059235,0.123673,13.8763,14,29.318937
275,150,st02,IAC,circ,czapla2022,tet,191.29533,25.327429,25.3274,11.795929,17.968398,7.338374,1.620534,0.96632,0.892267,77.74792483645548,1.0328525431554547,0.100041,13.9,14,29.764327
276,150,st02,IAC,circ,ideal,dim,20.548529,20.548529,20.5485,9.223206,9.223196,2.098998,0.001564,0.001564,0.0,81.17494976063104,1.0000505542960745,-4.87074e-11,14.0,14,18.446402
277,150,st02,IAC,circ,olson1998,dim,160.004469,25.093937,25.0939,10.089619,20.24653,9.238467,1.313483,3.654141,1.394137,79.39980188929194,1.0653714934793115,0.0443112,13.9557,14,30.336149
278,150,st02,IAC,circ,young2022,dim,277.107498,31.052386,31.0524,14.190643,21.377313,7.578571,2.653475,0.993053,1.190517,77.6189240074026,1.0630866514551942,0.143656,13.8563,14,35.567956
279,150,st02,IAC,circ,young2022,tet,241.534938,27.459141,27.4591,12.945683,22.147295,11.22906,2.42918,2.245295,1.272476,77.51028750952183,1.0571732952044501,0.136302,13.8637,14,35.092978
280,150,st02,IAG,circ,czapla2022,dim,182.012545,28.774132,28.7741,11.794485,17.559315,7.790558,1.773324,0.654267,0.806511,77.70256677414869,1.0835601885176596,0.124349,13.8757,14,29.3538
281,150,st02,IAG,circ,czapla2022,tet,186.434739,32.428779,32.4288,13.726714,19.612413,14.107904,2.24811,1.37498,1.331134,77.9369264727683,1.119405591901597,0.085905,13.9141,14,33.339127
282,150,st02,IAG,circ,ideal,dim,20.548529,20.548529,20.5485,9.223206,9.223196,2.098998,0.001564,0.001564,0.0,81.17494976063104,1.0000505542960745,-4.87074e-11,14.0,14,18.446402
283,150,st02,IAG,circ,olson1998,dim,150.312789,25.292816,25.2928,11.043268,20.076658,8.482843,1.659984,2.800701,2.287283,79.41003492773505,1.0635279682791545,0.0541477,13.9459,14,31.119926
284,150,st02,IAG,circ,young2022,dim,247.7529,32.71635,32.7164,14.591986,20.619313,9.093477,2.85951,0.689245,1.313961,77.53967240229105,1.085968521792988,0.146286,13.8537,14,35.211299
285,150,st02,IAG,circ,young2022,tet,243.536225,36.469607,36.4696,15.66992,25.575496,21.249545,4.077128,2.16189,2.15401,77.69935301235664,1.1664987771906665,0.102266,13.8977,14,41.245416
286,150,st02,IAT,circ,czapla2022,dim,227.396378,27.243671,27.2437,9.60439,19.685433,10.775236,1.399342,2.396907,0.770798,77.788170354008,1.0796869924999282,0.115195,13.8848,14,29.289823
287,150,st02,IAT,circ,czapla2022,tet,221.838188,28.198159,28.1982,10.46695,20.488109,15.494661,1.486073,1.144888,1.519306,77.82661380456835,1.0409867226671656,0.0690746,13.9309,14,30.955059000000002
288,150,st02,IAT,circ,ideal,dim,20.548529,20.548529,20.5485,9.223206,9.223196,2.098998,0.001564,0.001564,0.0,81.17494976063104,1.0000505542960745,-4.87074e-11,14.0,14,18.446402
289,150,st02,IAT,circ,olson1998,dim,169.746076,23.490421,23.4904,8.594769,20.437739,8.460317,1.253268,2.595779,1.276777,79.48196995869714,1.0563449606594881,0.0631611,13.9368,14,29.032508
290,150,st02,IAT,circ,young2022,dim,315.953436,30.30542,30.3054,11.237199,23.981997,14.868622,2.194334,2.814951,1.180901,77.65748880572788,1.070254119719279,0.137802,13.8622,14,35.219196
291,150,st02,IAT,circ,young2022,tet,284.730554,29.333041,29.333,11.139889,25.774654,20.250561,2.267174,1.430496,2.755944,77.69806075050258,1.0537079641924423,0.0968411,13.9032,14,36.914543
