,length,state,scdna,config,opt_electro,sequence,forcefield,ff_type,eo,eopt,eopt_elastic,eopt_electrostatic,eopt_tilt,eopt_roll,eopt_twist,eopt_shift,eopt_slide,eopt_rise,rg,ellipticity,wr,tw,lk,eopt_bend
0,336,st26,-6,circ,y,n000,ideal,dim,425.34157,71.975832,58.0477,13.9281,24.692103,24.69084,8.482997,0.066984,0.066879,0.047909,154.10317752524892,6.418661190156411,-3.13733,31.1373,28,49.382943
1,336,st26,-6,circ,y,n084,young2022,dim,737.099023,85.164237,68.6903,16.4739,21.913948,50.702474,34.615706,2.71231,7.640217,2.362379,145.25987192011468,4.757511503007953,-2.57793,30.5779,28,72.616422
2,336,st26,-6,circ,y,n000,young2022,dim,729.179813,84.41954,66.917,17.5026,21.144715,48.267235,30.737247,2.506847,6.312908,2.425774,145.93453720250005,4.821477045551103,-2.66582,30.6658,28,69.41195
3,336,st26,-6,circ,y,n084,young2022,tet,1029.239586,43.025826,38.7971,4.22869,12.390463,27.993207,28.528385,2.088838,7.743161,2.929474,139.2798582654242,2.750361768938718,-0.718755,30.7188,30,40.38367
4,336,st26,-6,circ,y,n000,young2022,tet,1006.405047,42.941475,38.6523,4.2892,12.192495,26.356265,26.136423,1.931142,5.618226,2.595049,141.79569553597563,3.1012498957059704,-0.742955,30.743,30,38.54876
5,336,st27,-5,circ,y,n000,ideal,dim,298.671012,92.662261,68.5982,24.0641,29.170686,29.172266,9.896005,0.136825,0.136937,0.085457,155.12683657046776,6.891788320037513,-4.07395,31.0739,27,58.342952
6,336,st27,-5,circ,y,n084,young2022,dim,773.94127,66.009681,57.845,8.16464,18.829602,42.822169,27.709942,2.328098,5.528303,2.212728,143.30602626588836,4.030986475580805,-1.69938,30.6994,29,61.651771000000004
7,336,st27,-5,circ,y,n000,young2022,dim,770.384047,63.698751,54.8488,8.85,18.573052,42.547345,23.957752,2.526548,5.229301,2.004747,144.9728235229477,4.056554190400751,-1.85912,30.8591,29,61.120397
8,336,st27,-5,circ,y,n084,young2022,tet,1065.812252,66.222238,57.1712,9.05103,19.864773,44.536135,32.589846,3.845494,9.038922,3.245025,142.75903432934604,4.50978834042453,-1.79222,30.7922,29,64.400908
9,336,st27,-5,circ,y,n000,young2022,tet,1069.366217,66.696879,57.0562,9.64067,22.204899,45.323005,28.537785,4.065237,9.80082,3.047594,143.1860527485101,4.168414635537359,-1.87998,30.88,29,67.527904
10,336,st28,-4,circ,y,n000,ideal,dim,195.042463,71.975904,58.0477,13.9282,24.691944,24.691053,8.482931,0.066967,0.066898,0.04791,154.1031262528672,6.418839778756602,-3.13896,31.139,28,49.382997
11,336,st28,-4,circ,y,n084,young2022,dim,729.511493,84.505255,67.3061,17.1992,21.43953,47.894532,29.94669,2.623781,5.958413,2.332664,145.3657086834475,4.908559375119746,-2.63359,30.6336,28,69.334062
12,336,st28,-4,circ,y,n000,young2022,dim,731.837044,85.090523,67.9319,17.1586,22.072795,50.166077,32.660764,2.649442,7.189674,2.294175,146.41695640138497,4.843143500387849,-2.55703,30.557,28,72.238872
13,336,st28,-4,circ,y,n084,young2022,tet,987.905138,43.04702,38.7524,4.29466,12.348196,26.553051,25.92084,1.960003,5.609142,2.592763,141.6230417806463,3.0722565495441962,-0.702777,30.7028,30,38.901247
14,336,st28,-4,circ,y,n000,young2022,tet,997.379491,42.649459,38.3987,4.25081,12.1992,27.565399,28.032986,2.071359,7.520187,2.89011,139.67183812763022,2.7404923574014837,-0.724668,30.7247,30,39.764599
15,336,st29,-3,circ,y,n000,ideal,dim,114.458483,53.365504,45.9223,7.44322,19.678923,19.679274,6.481387,0.02872,0.028746,0.025232,153.09877652058876,5.819216745742307,-2.24986,31.2499,29,39.358197000000004
16,336,st29,-3,circ,y,n047,young2022,dim,699.062745,65.93432,57.7438,8.19047,18.819213,42.765505,27.582384,2.327702,5.502433,2.211732,143.35574109152486,4.0443673829160165,-1.76468,30.7647,29,61.584717999999995
17,336,st29,-3,circ,y,n084,young2022,dim,699.031936,66.009901,57.8452,8.16475,18.829615,42.822608,27.709943,2.328096,5.528325,2.212734,143.30620451815142,4.031080044690832,-1.72572,30.7257,29,61.652223000000006
18,336,st29,-3,circ,y,n000,young2022,dim,703.3819,63.698833,54.8488,8.85008,18.57311,42.547284,23.957519,2.526551,5.229232,2.004745,144.97296007978915,4.056608346783544,-1.85576,30.8558,29,61.120394
19,336,st29,-3,circ,y,n047,young2022,tet,953.806977,60.87258,51.5163,9.35626,19.864307,41.641355,30.340874,3.350427,13.074642,3.290529,138.51435012785504,3.5679900866854646,-1.91722,30.9172,29,61.505662
20,336,st29,-3,circ,y,n084,young2022,tet,967.939897,61.253369,52.1262,9.12713,20.370793,42.984268,31.095375,3.495514,14.268117,3.311368,138.5414647198784,3.467909322339736,-1.87145,30.8714,29,63.355061
21,336,st29,-3,circ,y,n000,young2022,tet,966.302737,75.483523,64.1129,11.3706,26.201849,48.00404,31.555624,4.445202,8.653553,3.856192,135.86499823640898,3.0860442386533604,-1.95263,30.9526,29,74.205889
22,336,st30,-2,circ,y,n000,ideal,dim,56.900291,37.574901,33.8098,3.76515,14.059047,14.059059,5.659252,0.009918,0.009918,0.012561,152.31609700806206,4.506282280254108,-1.29811,31.2981,30,28.118105999999997
23,336,st30,-2,circ,y,n047,young2022,dim,659.911622,42.296534,38.2268,4.06973,11.586343,26.943442,20.141388,1.339087,3.277204,1.626635,142.71230442547204,3.334708799100607,-0.777289,30.7773,30,38.529785000000004
24,336,st30,-2,circ,y,n084,young2022,dim,663.278855,42.283713,38.2285,4.05526,11.585345,26.919524,20.143775,1.339786,3.273164,1.631502,142.71636036629002,3.335354333004472,-0.827443,30.8274,30,38.504869
25,336,st30,-2,circ,y,n000,young2022,dim,658.28937,42.280768,38.2273,4.05345,11.592403,26.926479,20.121457,1.340802,3.276062,1.6316,142.73048371294277,3.337566760172148,-0.815468,30.8155,30,38.518882
26,336,st30,-2,circ,y,n047,young2022,tet,896.000065,43.020886,38.749,4.27187,12.303234,26.494064,25.995358,1.962226,5.61263,2.587641,141.60748123570596,3.067149614211144,-0.732853,30.7329,30,38.797298
27,336,st30,-2,circ,y,n084,young2022,tet,932.121544,43.025997,38.7972,4.22883,12.39042,27.993376,28.528554,2.088846,7.743372,2.929471,139.28018991623063,2.7503666193610865,-0.725493,30.7255,30,40.383796000000004
28,336,st30,-2,circ,y,n000,young2022,tet,918.975198,42.941513,38.6522,4.28929,12.1926,26.356284,26.136257,1.931164,5.618227,2.595016,141.7957623004198,3.101262336872684,-0.740031,30.74,30,38.548884
29,336,st31,-1,circ,n,n000,Olson1998,dim,912.49962,17.817957,17.818,,3.410718,8.580804,15.831153,0.675787,2.305041,1.798311,176.78103915170266,1.0275759435789076,0.141461,30.8585,31,11.991522
30,336,st31,-1,circ,n,n000,ideal,dim,323.810876,19.744858,19.7449,,4.117502,4.117499,11.506445,0.001706,0.001706,0.0,181.82125919358697,1.0001151328054443,0.00303348,30.997,31,8.235001
31,336,st31,-1,circ,y,n000,ideal,dim,22.341494,22.332594,19.75,2.58261,4.117516,4.117495,11.506433,0.001706,0.001706,0.005132,181.8404220524845,1.000683041154601,0.000369444,30.9996,31,8.235011
32,336,st31,-1,circ,n,n000,young2022,dim,1428.462116,19.802721,19.8027,,3.963814,9.022611,16.809174,0.49126,1.602234,1.3101,171.89199134952798,1.0881387235763462,0.197089,30.8029,31,12.986425
33,336,st31,-1,circ,y,n047,young2022,dim,639.685708,22.795256,19.8074,2.98789,3.964564,9.009973,16.805791,0.491461,1.608352,1.268362,171.91494365989843,1.0876924407772255,0.26772,30.7323,31,12.974537000000002
34,336,st31,-1,circ,y,n084,young2022,dim,643.750019,22.776832,19.8081,2.96871,3.962516,9.010548,16.804212,0.491624,1.607034,1.277579,171.9093212190884,1.0887133984369592,0.273137,30.7269,31,12.973064
35,336,st31,-1,circ,y,n000,young2022,dim,640.361577,22.785044,19.8082,2.97682,3.96719,9.015327,16.794656,0.491199,1.610507,1.26273,171.91042052160333,1.0888177331804525,0.25813,30.7419,31,12.982517
36,336,st31,-1,circ,n,n000,young2022,tet,1620.970666,23.336696,23.3367,,5.22118,10.712007,22.73896,0.968884,3.494677,2.021353,168.7512106757814,1.2615953617399434,0.148118,30.8519,31,15.933187
37,336,st31,-1,circ,y,n047,young2022,tet,884.293908,26.011574,23.0537,2.95786,5.228741,10.579491,22.330837,0.969286,3.431251,1.965561,168.6949049558719,1.265016862309135,0.21811,30.7819,31,15.808232
38,336,st31,-1,circ,y,n084,young2022,tet,911.160649,26.105216,23.1387,2.9665,5.229657,10.618587,22.506993,0.958857,3.444319,1.985797,168.9520989826272,1.239602896432547,0.257691,30.7423,31,15.848244
39,336,st31,-1,circ,y,n000,young2022,tet,909.988258,26.319729,23.3423,2.97746,5.22284,10.704809,22.71772,0.967659,3.503827,1.974166,168.76655781947676,1.262787374433464,0.281123,30.7189,31,15.927648999999999
40,336,st32,0,circ,n,n000,Olson1998,dim,892.187842,8.997693,8.99769,,3.451731,8.096243,1.923564,0.345506,0.732848,0.72012,177.52379603492497,1.081631685454484,0.157801,31.8422,32,11.547974
41,336,st32,0,circ,n,n000,ideal,dim,315.096661,8.234998,8.235,,4.11749,4.117507,0.0,0.0,0.0,0.0,181.8212555190586,1.000020288579782,0.00289766,31.9971,32,8.234997
42,336,st32,0,circ,y,n000,ideal,dim,10.834054,10.82281,8.24014,2.58267,4.117521,4.117482,0.0,0.0,0.0,0.005132,181.8405045673575,1.0001900491944284,-0.00306907,32.0031,32,8.235002999999999
43,336,st32,0,circ,n,n000,young2022,dim,1381.433307,8.260245,8.26025,,3.355823,6.660812,2.244841,0.520587,0.477771,0.278065,173.65741531072152,1.0649685048986235,0.118368,31.8816,32,10.016635
44,336,st32,0,circ,y,n047,young2022,dim,580.87212,11.184342,8.26463,2.91971,3.355532,6.663216,2.244738,0.520241,0.479178,0.290969,173.67626099916305,1.0649228300493703,0.200551,31.7994,32,10.018748
45,336,st32,0,circ,y,n084,young2022,dim,574.438808,11.181914,8.26556,2.91636,3.356446,6.66124,2.246494,0.52008,0.478189,0.287917,173.6747457353297,1.0648251443014323,0.157056,31.8429,32,10.017686000000001
46,336,st32,0,circ,y,n000,young2022,dim,576.960211,11.162681,8.26533,2.89735,3.354355,6.658748,2.251806,0.520582,0.476439,0.297478,173.6768158417239,1.0647036042504732,0.170548,31.8295,32,10.013103000000001
47,336,st32,0,circ,n,n000,young2022,tet,1554.050597,5.739426,5.73943,,2.588081,4.870323,1.924817,0.448755,0.633133,0.354868,173.1103550406859,1.0464068975694765,0.247555,31.7524,32,7.458404
48,336,st32,0,circ,y,n047,young2022,tet,803.524742,8.723104,5.82214,2.90097,2.660566,4.926988,1.910912,0.46098,0.639528,0.359703,173.07478341309059,1.0353628251337423,0.25126,31.7487,32,7.587554
49,336,st32,0,circ,y,n084,young2022,tet,806.279382,8.804141,5.8849,2.91924,2.67071,4.995008,1.939623,0.464615,0.647363,0.364669,173.0457385607055,1.0400623338186021,0.234855,31.7651,32,7.665718
50,336,st32,0,circ,y,n000,young2022,tet,809.739582,8.646704,5.74455,2.90215,2.588536,4.865355,1.929931,0.45029,0.63261,0.366174,173.1312970861491,1.0463909050359288,0.226421,31.7736,32,7.4538910000000005
51,336,st33,1,circ,y,n000,ideal,dim,22.360834,22.333088,19.7506,2.58249,4.117518,4.117487,11.507053,0.001706,0.001706,0.005131,181.84041158137262,1.000583791563189,-0.00117419,33.0012,33,8.235005
52,336,st33,1,circ,y,n047,young2022,dim,545.442808,27.160442,24.2809,2.87949,4.489679,11.539954,22.680517,0.815807,2.189844,1.688922,172.22545841795375,1.3274460346195691,0.117886,32.8821,33,16.029633
53,336,st33,1,circ,y,n084,young2022,dim,549.433761,27.13487,24.2817,2.8532,4.49046,11.55129,22.672773,0.81707,2.189682,1.707104,172.2109137037365,1.3285487201481008,0.155628,32.8444,33,16.04175
54,336,st33,1,circ,y,n000,young2022,dim,550.015149,27.135293,24.2817,2.85363,4.489427,11.54057,22.682242,0.816701,2.190941,1.693257,172.22680983432332,1.327698580071702,0.150505,32.8495,33,16.029997
55,336,st33,1,circ,y,n047,young2022,tet,741.010607,23.611003,20.7506,2.86044,5.172001,11.932909,19.060181,0.984969,2.641228,1.757717,168.74409896118195,1.534514497435868,0.263072,32.7369,33,17.10491
56,336,st33,1,circ,y,n084,young2022,tet,759.350488,23.804892,20.9449,2.85995,5.168818,12.059298,19.414252,0.975465,2.690344,1.782328,168.8174288641537,1.5293901264460432,0.286686,32.7133,33,17.228116
57,336,st33,1,circ,y,n000,young2022,tet,763.092422,23.408927,20.542,2.86694,5.046646,11.786207,19.096329,0.957755,2.641776,1.746424,169.1392693840838,1.5112287082022198,0.280324,32.7197,33,16.832853
58,336,st34,2,circ,y,n000,ideal,dim,56.894005,37.575484,33.8101,3.76538,14.05907,14.05907,5.65956,0.009919,0.009919,0.012571,152.31606217068483,4.505661317128964,1.28891,32.7111,34,28.11814
59,336,st34,2,circ,y,n047,young2022,dim,592.868304,47.094086,42.6769,4.41717,13.957516,29.916801,20.13834,2.629783,2.69677,1.959515,144.49628422775885,3.728005410450403,1.47693,32.5231,34,43.874317
60,336,st34,2,circ,y,n084,young2022,dim,601.358343,54.30815,50.0463,4.2618,16.297636,33.628484,25.683229,2.814992,3.324395,2.088489,141.74025104450908,3.388417745135688,1.39503,32.605,34,49.92612
61,336,st34,2,circ,y,n000,young2022,dim,601.996077,49.385844,44.9553,4.43053,15.428098,31.918075,22.093997,3.068935,3.282475,2.195283,143.80974387596575,3.4138339374848354,1.16466,32.8353,34,47.346173
62,336,st34,2,circ,y,n047,young2022,tet,790.464698,44.062853,39.8922,4.17068,15.726107,26.574828,21.464119,3.576978,4.661116,3.194672,140.26534897534702,2.841301661632674,1.2909,32.7091,34,42.300935
63,336,st34,2,circ,y,n084,young2022,tet,841.856272,43.619666,39.5015,4.11812,14.907482,27.202134,24.370181,3.741163,5.461142,2.872197,141.56744866131,2.8479527575766133,1.25338,32.7466,34,42.109616
64,336,st34,2,circ,y,n000,young2022,tet,827.875306,43.387953,39.2873,4.10066,14.989488,27.245444,23.960292,3.759742,5.420318,2.851836,141.62716708330984,2.888607534969448,1.19153,32.8085,34,42.234932
65,336,st35,3,circ,y,n000,ideal,dim,114.449818,53.366222,45.9227,7.44347,19.679214,19.679478,6.481355,0.028745,0.028721,0.025234,153.09866280055863,5.818826055467213,2.233,32.767,35,39.358692000000005
66,336,st35,3,circ,y,n047,young2022,dim,621.266038,67.911237,58.7535,9.15775,19.334847,44.808978,25.687734,3.784605,4.144592,2.36615,146.00265644417075,5.171434474259176,2.61162,32.3884,35,64.143825
67,336,st35,3,circ,y,n084,young2022,dim,623.224003,65.757723,55.5935,10.1642,20.504023,40.264952,21.274314,4.347097,3.264777,2.257438,145.82747036139327,4.753467202273322,2.44865,32.5513,35,60.768975
68,336,st35,3,circ,y,n000,young2022,dim,618.648323,65.873727,55.6969,10.1768,20.195811,40.660384,23.709789,4.321006,3.772988,2.390107,147.8427683575809,4.378545906812861,2.29034,32.7097,35,60.856195
69,336,st35,3,circ,y,n047,young2022,tet,824.327646,66.402051,57.5339,8.86813,20.175024,46.400484,25.798123,4.2167,6.592193,3.866078,141.4769438397396,3.831503857782597,2.73523,32.2648,35,66.575508
70,336,st35,3,circ,y,n084,young2022,tet,846.89327,60.141032,49.8752,10.2658,22.466969,40.72562,21.512324,5.491441,7.289302,3.571411,143.27663531731335,4.114877199876369,2.53714,32.4629,35,63.192589
71,336,st35,3,circ,y,n000,young2022,tet,850.85628,62.484972,52.484,10.001,21.957227,39.39643,25.380433,4.97631,6.372547,3.248226,145.06099066721868,3.5331371195584644,2.16539,32.8346,35,61.353657
