,length,state,scdna,sequence,config,opt_electro,forcefield,ff_type,eo,eopt,eopt_elastic,eopt_electrostatic,eopt_tilt,eopt_roll,eopt_twist,eopt_shift,eopt_slide,eopt_rise,rg,ellipticity,wr,tw,lk,eopt_bend
0,336,st26,-6,zech-084,circ,y,young2022,dim,737.099023,85.164237,68.6903,16.4739,21.913948,50.702474,34.615706,2.71231,7.640217,2.362379,145.25987192011468,4.757511503007953,-2.57793,30.5779,28,72.616422
1,336,st26,-6,zech-084,circ,y,young2022,tet,1029.239586,43.025826,38.7971,4.22869,12.390463,27.993207,28.528385,2.088838,7.743161,2.929474,139.2798582654242,2.750361768938718,-0.718755,30.7188,30,40.38367
2,336,st27,-5,zech-084,circ,y,young2022,dim,773.94127,66.009681,57.845,8.16464,18.829602,42.822169,27.709942,2.328098,5.528303,2.212728,143.30602626588836,4.030986475580805,-1.69938,30.6994,29,61.651771000000004
3,336,st27,-5,zech-084,circ,y,young2022,tet,1065.812252,66.222238,57.1712,9.05103,19.864773,44.536135,32.589846,3.845494,9.038922,3.245025,142.75903432934604,4.50978834042453,-1.79222,30.7922,29,64.400908
4,336,st28,-4,zech-084,circ,y,young2022,dim,729.511493,84.505255,67.3061,17.1992,21.43953,47.894532,29.94669,2.623781,5.958413,2.332664,145.3657086834475,4.908559375119746,-2.63359,30.6336,28,69.334062
5,336,st28,-4,zech-084,circ,y,young2022,tet,987.905138,43.04702,38.7524,4.29466,12.348196,26.553051,25.92084,1.960003,5.609142,2.592763,141.6230417806463,3.0722565495441962,-0.702777,30.7028,30,38.901247
6,336,st29,-3,zech-084,circ,y,young2022,dim,699.031936,66.009901,57.8452,8.16475,18.829615,42.822608,27.709943,2.328096,5.528325,2.212734,143.30620451815142,4.031080044690832,-1.72572,30.7257,29,61.652223000000006
7,336,st29,-3,zech-084,circ,y,young2022,tet,967.939897,61.253369,52.1262,9.12713,20.370793,42.984268,31.095375,3.495514,14.268117,3.311368,138.5414647198784,3.467909322339736,-1.87145,30.8714,29,63.355061
8,336,st30,-2,zech-084,circ,y,young2022,dim,663.278855,42.283713,38.2285,4.05526,11.585345,26.919524,20.143775,1.339786,3.273164,1.631502,142.71636036629002,3.335354333004472,-0.827443,30.8274,30,38.504869
9,336,st30,-2,zech-084,circ,y,young2022,tet,932.121544,43.025997,38.7972,4.22883,12.39042,27.993376,28.528554,2.088846,7.743372,2.929471,139.28018991623063,2.7503666193610865,-0.725493,30.7255,30,40.383796000000004
10,336,st31,-1,zech-084,circ,y,young2022,dim,643.750019,22.776832,19.8081,2.96871,3.962516,9.010548,16.804212,0.491624,1.607034,1.277579,171.9093212190884,1.0887133984369592,0.273137,30.7269,31,12.973064
11,336,st31,-1,zech-084,circ,y,young2022,tet,911.160649,26.105216,23.1387,2.9665,5.229657,10.618587,22.506993,0.958857,3.444319,1.985797,168.9520989826272,1.239602896432547,0.257691,30.7423,31,15.848244
12,336,st32,0,zech-084,circ,y,young2022,dim,574.438808,11.181914,8.26556,2.91636,3.356446,6.66124,2.246494,0.52008,0.478189,0.287917,173.6747457353297,1.0648251443014323,0.157056,31.8429,32,10.017686000000001
13,336,st32,0,zech-084,circ,y,young2022,tet,806.279382,8.804141,5.8849,2.91924,2.67071,4.995008,1.939623,0.464615,0.647363,0.364669,173.0457385607055,1.0400623338186021,0.234855,31.7651,32,7.665718
14,336,st33,1,zech-084,circ,y,young2022,dim,549.433761,27.13487,24.2817,2.8532,4.49046,11.55129,22.672773,0.81707,2.189682,1.707104,172.2109137037365,1.3285487201481008,0.155628,32.8444,33,16.04175
15,336,st33,1,zech-084,circ,y,young2022,tet,759.350488,23.804892,20.9449,2.85995,5.168818,12.059298,19.414252,0.975465,2.690344,1.782328,168.8174288641537,1.5293901264460432,0.286686,32.7133,33,17.228116
16,336,st34,2,zech-084,circ,y,young2022,dim,601.358343,54.30815,50.0463,4.2618,16.297636,33.628484,25.683229,2.814992,3.324395,2.088489,141.74025104450908,3.388417745135688,1.39503,32.605,34,49.92612
17,336,st34,2,zech-084,circ,y,young2022,tet,841.856272,43.619666,39.5015,4.11812,14.907482,27.202134,24.370181,3.741163,5.461142,2.872197,141.56744866131,2.8479527575766133,1.25338,32.7466,34,42.109616
18,336,st35,3,zech-084,circ,y,young2022,dim,623.224003,65.757723,55.5935,10.1642,20.504023,40.264952,21.274314,4.347097,3.264777,2.257438,145.82747036139327,4.753467202273322,2.44865,32.5513,35,60.768975
19,336,st35,3,zech-084,circ,y,young2022,tet,846.89327,60.141032,49.8752,10.2658,22.466969,40.72562,21.512324,5.491441,7.289302,3.571411,143.27663531731335,4.114877199876369,2.53714,32.4629,35,63.192589
