,length,state,scdna,sequence,config,opt_electro,forcefield,ff_type,eo,eopt,eopt_elastic,eopt_electrostatic,eopt_tilt,eopt_roll,eopt_twist,eopt_shift,eopt_slide,eopt_rise,rg,ellipticity,wr,tw,lk,eopt_bend
0,336,st26,-6,zech-000,circ,y,ideal,dim,425.34157,71.975832,58.0477,13.9281,24.692103,24.69084,8.482997,0.066984,0.066879,0.047909,154.10317752524892,6.418661190156411,-3.13733,31.1373,28,49.382943
1,336,st26,-6,zech-000,circ,y,young2022,dim,729.179813,84.41954,66.917,17.5026,21.144715,48.267235,30.737247,2.506847,6.312908,2.425774,145.93453720250005,4.821477045551103,-2.66582,30.6658,28,69.41195
2,336,st26,-6,zech-000,circ,y,young2022,tet,1006.405047,42.941475,38.6523,4.2892,12.192495,26.356265,26.136423,1.931142,5.618226,2.595049,141.79569553597563,3.1012498957059704,-0.742955,30.743,30,38.54876
3,336,st27,-5,zech-000,circ,y,ideal,dim,298.671012,92.662261,68.5982,24.0641,29.170686,29.172266,9.896005,0.136825,0.136937,0.085457,155.12683657046776,6.891788320037513,-4.07395,31.0739,27,58.342952
4,336,st27,-5,zech-000,circ,y,young2022,dim,770.384047,63.698751,54.8488,8.85,18.573052,42.547345,23.957752,2.526548,5.229301,2.004747,144.9728235229477,4.056554190400751,-1.85912,30.8591,29,61.120397
5,336,st27,-5,zech-000,circ,y,young2022,tet,1069.366217,66.696879,57.0562,9.64067,22.204899,45.323005,28.537785,4.065237,9.80082,3.047594,143.1860527485101,4.168414635537359,-1.87998,30.88,29,67.527904
6,336,st28,-4,zech-000,circ,y,ideal,dim,195.042463,71.975904,58.0477,13.9282,24.691944,24.691053,8.482931,0.066967,0.066898,0.04791,154.1031262528672,6.418839778756602,-3.13896,31.139,28,49.382997
7,336,st28,-4,zech-000,circ,y,young2022,dim,731.837044,85.090523,67.9319,17.1586,22.072795,50.166077,32.660764,2.649442,7.189674,2.294175,146.41695640138497,4.843143500387849,-2.55703,30.557,28,72.238872
8,336,st28,-4,zech-000,circ,y,young2022,tet,997.379491,42.649459,38.3987,4.25081,12.1992,27.565399,28.032986,2.071359,7.520187,2.89011,139.67183812763022,2.7404923574014837,-0.724668,30.7247,30,39.764599
9,336,st29,-3,zech-000,circ,y,ideal,dim,114.458483,53.365504,45.9223,7.44322,19.678923,19.679274,6.481387,0.02872,0.028746,0.025232,153.09877652058876,5.819216745742307,-2.24986,31.2499,29,39.358197000000004
10,336,st29,-3,zech-000,circ,y,young2022,dim,703.3819,63.698833,54.8488,8.85008,18.57311,42.547284,23.957519,2.526551,5.229232,2.004745,144.97296007978915,4.056608346783544,-1.85576,30.8558,29,61.120394
11,336,st29,-3,zech-000,circ,y,young2022,tet,966.302737,75.483523,64.1129,11.3706,26.201849,48.00404,31.555624,4.445202,8.653553,3.856192,135.86499823640898,3.0860442386533604,-1.95263,30.9526,29,74.205889
12,336,st30,-2,zech-000,circ,y,ideal,dim,56.900291,37.574901,33.8098,3.76515,14.059047,14.059059,5.659252,0.009918,0.009918,0.012561,152.31609700806206,4.506282280254108,-1.29811,31.2981,30,28.118105999999997
13,336,st30,-2,zech-000,circ,y,young2022,dim,658.28937,42.280768,38.2273,4.05345,11.592403,26.926479,20.121457,1.340802,3.276062,1.6316,142.73048371294277,3.337566760172148,-0.815468,30.8155,30,38.518882
14,336,st30,-2,zech-000,circ,y,young2022,tet,918.975198,42.941513,38.6522,4.28929,12.1926,26.356284,26.136257,1.931164,5.618227,2.595016,141.7957623004198,3.101262336872684,-0.740031,30.74,30,38.548884
15,336,st31,-1,zech-000,circ,n,Olson1998,dim,912.49962,17.817957,17.818,,3.410718,8.580804,15.831153,0.675787,2.305041,1.798311,176.78103915170266,1.0275759435789076,0.141461,30.8585,31,11.991522
16,336,st31,-1,zech-000,circ,n,ideal,dim,323.810876,19.744858,19.7449,,4.117502,4.117499,11.506445,0.001706,0.001706,0.0,181.82125919358697,1.0001151328054443,0.00303348,30.997,31,8.235001
17,336,st31,-1,zech-000,circ,y,ideal,dim,22.341494,22.332594,19.75,2.58261,4.117516,4.117495,11.506433,0.001706,0.001706,0.005132,181.8404220524845,1.000683041154601,0.000369444,30.9996,31,8.235011
18,336,st31,-1,zech-000,circ,n,young2022,dim,1428.462116,19.802721,19.8027,,3.963814,9.022611,16.809174,0.49126,1.602234,1.3101,171.89199134952798,1.0881387235763462,0.197089,30.8029,31,12.986425
19,336,st31,-1,zech-000,circ,y,young2022,dim,640.361577,22.785044,19.8082,2.97682,3.96719,9.015327,16.794656,0.491199,1.610507,1.26273,171.91042052160333,1.0888177331804525,0.25813,30.7419,31,12.982517
20,336,st31,-1,zech-000,circ,n,young2022,tet,1620.970666,23.336696,23.3367,,5.22118,10.712007,22.73896,0.968884,3.494677,2.021353,168.7512106757814,1.2615953617399434,0.148118,30.8519,31,15.933187
21,336,st31,-1,zech-000,circ,y,young2022,tet,909.988258,26.319729,23.3423,2.97746,5.22284,10.704809,22.71772,0.967659,3.503827,1.974166,168.76655781947676,1.262787374433464,0.281123,30.7189,31,15.927648999999999
22,336,st32,0,zech-000,circ,n,Olson1998,dim,892.187842,8.997693,8.99769,,3.451731,8.096243,1.923564,0.345506,0.732848,0.72012,177.52379603492497,1.081631685454484,0.157801,31.8422,32,11.547974
23,336,st32,0,zech-000,circ,n,ideal,dim,315.096661,8.234998,8.235,,4.11749,4.117507,0.0,0.0,0.0,0.0,181.8212555190586,1.000020288579782,0.00289766,31.9971,32,8.234997
24,336,st32,0,zech-000,circ,y,ideal,dim,10.834054,10.82281,8.24014,2.58267,4.117521,4.117482,0.0,0.0,0.0,0.005132,181.8405045673575,1.0001900491944284,-0.00306907,32.0031,32,8.235002999999999
25,336,st32,0,zech-000,circ,n,young2022,dim,1381.433307,8.260245,8.26025,,3.355823,6.660812,2.244841,0.520587,0.477771,0.278065,173.65741531072152,1.0649685048986235,0.118368,31.8816,32,10.016635
26,336,st32,0,zech-000,circ,y,young2022,dim,576.960211,11.162681,8.26533,2.89735,3.354355,6.658748,2.251806,0.520582,0.476439,0.297478,173.6768158417239,1.0647036042504732,0.170548,31.8295,32,10.013103000000001
27,336,st32,0,zech-000,circ,n,young2022,tet,1554.050597,5.739426,5.73943,,2.588081,4.870323,1.924817,0.448755,0.633133,0.354868,173.1103550406859,1.0464068975694765,0.247555,31.7524,32,7.458404
28,336,st32,0,zech-000,circ,y,young2022,tet,809.739582,8.646704,5.74455,2.90215,2.588536,4.865355,1.929931,0.45029,0.63261,0.366174,173.1312970861491,1.0463909050359288,0.226421,31.7736,32,7.4538910000000005
29,336,st33,1,zech-000,circ,y,ideal,dim,22.360834,22.333088,19.7506,2.58249,4.117518,4.117487,11.507053,0.001706,0.001706,0.005131,181.84041158137262,1.000583791563189,-0.00117419,33.0012,33,8.235005
30,336,st33,1,zech-000,circ,y,young2022,dim,550.015149,27.135293,24.2817,2.85363,4.489427,11.54057,22.682242,0.816701,2.190941,1.693257,172.22680983432332,1.327698580071702,0.150505,32.8495,33,16.029997
31,336,st33,1,zech-000,circ,y,young2022,tet,763.092422,23.408927,20.542,2.86694,5.046646,11.786207,19.096329,0.957755,2.641776,1.746424,169.1392693840838,1.5112287082022198,0.280324,32.7197,33,16.832853
32,336,st34,2,zech-000,circ,y,ideal,dim,56.894005,37.575484,33.8101,3.76538,14.05907,14.05907,5.65956,0.009919,0.009919,0.012571,152.31606217068483,4.505661317128964,1.28891,32.7111,34,28.11814
33,336,st34,2,zech-000,circ,y,young2022,dim,601.996077,49.385844,44.9553,4.43053,15.428098,31.918075,22.093997,3.068935,3.282475,2.195283,143.80974387596575,3.4138339374848354,1.16466,32.8353,34,47.346173
34,336,st34,2,zech-000,circ,y,young2022,tet,827.875306,43.387953,39.2873,4.10066,14.989488,27.245444,23.960292,3.759742,5.420318,2.851836,141.62716708330984,2.888607534969448,1.19153,32.8085,34,42.234932
35,336,st35,3,zech-000,circ,y,ideal,dim,114.449818,53.366222,45.9227,7.44347,19.679214,19.679478,6.481355,0.028745,0.028721,0.025234,153.09866280055863,5.818826055467213,2.233,32.767,35,39.358692000000005
36,336,st35,3,zech-000,circ,y,young2022,dim,618.648323,65.873727,55.6969,10.1768,20.195811,40.660384,23.709789,4.321006,3.772988,2.390107,147.8427683575809,4.378545906812861,2.29034,32.7097,35,60.856195
37,336,st35,3,zech-000,circ,y,young2022,tet,850.85628,62.484972,52.484,10.001,21.957227,39.39643,25.380433,4.97631,6.372547,3.248226,145.06099066721868,3.5331371195584644,2.16539,32.8346,35,61.353657
