,tilt.tilt,tilt.roll,tilt.twist,tilt.shift,tilt.slide,tilt.rise,roll.tilt,roll.roll,roll.twist,roll.shift,roll.slide,roll.rise,twist.tilt,twist.roll,twist.twist,twist.shift,twist.slide,twist.rise,shift.tilt,shift.roll,shift.twist,shift.shift,shift.slide,shift.rise,slide.tilt,slide.roll,slide.twist,slide.shift,slide.slide,slide.rise,rise.tilt,rise.roll,rise.twist,rise.shift,rise.slide,rise.rise
AAAA,7.63191,-0.73138,0.77442,0.19865,-0.14487,0.04301,-0.73138,21.456206,-4.944008,-0.088958,0.642306,-0.067448,0.77442,-4.944008,14.283334,0.041294,0.278202,0.098104,0.19865,-0.088958,0.041294,0.152444,0.005642,0.002014,-0.14487,0.642306,0.278202,0.005642,0.191091,-0.000668,0.04301,-0.067448,0.098104,0.002014,-0.000668,0.032694
AAAC,11.034866,0.288582,-1.242438,0.239182,-0.15816,0.033208,0.288582,22.859354,-6.584626,0.076654,0.53624,-0.181464,-1.242438,-6.584626,11.962334,0.027114,0.12383,0.149396,0.239182,0.076654,0.027114,0.191849,0.01605,-0.012074,-0.15816,0.53624,0.12383,0.01605,0.15617,-0.01603,0.033208,-0.181464,0.149396,-0.012074,-0.01603,0.038214
AAAG,7.575094,2.385776,-2.0266,0.035272,-0.120664,-0.01751,2.385776,18.811349,-4.289375,-0.005457,0.038314,0.00127,-2.0266,-4.289375,10.296245,-0.023625,0.37868,0.11331,0.035272,-0.005457,-0.023625,0.139191,-0.017182,0.00459,-0.120664,0.038314,0.37868,-0.017182,0.114494,-0.00759,-0.01751,0.00127,0.11331,0.00459,-0.00759,0.02761
AAAT,7.362886,0.726386,0.529318,0.098396,0.055034,0.05288,0.726386,12.519751,-2.485267,0.054966,0.127214,0.082145,0.529318,-2.485267,6.999079,-0.034812,0.176012,0.042795,0.098396,0.054966,-0.034812,0.097226,-0.001266,0.00427,0.055034,0.127214,0.176012,-0.001266,0.083256,0.00036,0.05288,0.082145,0.042795,0.00427,0.00036,0.020935
AACA,10.533894,-1.870872,0.10334,0.41611,-0.096656,0.012226,-1.870872,14.350676,-6.33867,-0.2352,-0.138872,-0.242318,0.10334,-6.33867,16.426375,-0.04785,0.343805,0.29875,0.41611,-0.2352,-0.04785,0.31009,-0.03082,0.01222,-0.096656,-0.138872,0.343805,-0.03082,0.143189,-0.009044,0.012226,-0.242318,0.29875,0.01222,-0.009044,0.037434
AACC,12.230139,1.069373,-1.589425,0.239199,-0.190277,-0.020725,1.069373,11.622641,-3.902395,0.207323,-0.144969,-0.239105,-1.589425,-3.902395,13.044925,-0.110025,0.709155,0.269935,0.239199,0.207323,-0.110025,0.360149,-0.001827,0.005755,-0.190277,-0.144969,0.709155,-0.001827,0.246451,-0.004675,-0.020725,-0.239105,0.269935,0.005755,-0.004675,0.050755
AACG,11.194546,0.390604,0.221552,0.411028,-0.145804,0.014114,0.390604,18.718466,-3.734012,-0.031248,-0.053016,-0.369484,0.221552,-3.734012,13.328619,-0.096574,0.520917,-0.042462,0.411028,-0.031248,-0.096574,0.237194,-0.015122,-0.001378,-0.145804,-0.053016,0.520917,-0.015122,0.202681,-0.031676,0.014114,-0.369484,-0.042462,-0.001378,-0.031676,0.045386
AACT,9.471955,-0.00411,-0.30069,0.451205,-0.087285,0.004595,-0.00411,13.06971,-3.24195,-0.0011,0.03484,-0.31616,-0.30069,-3.24195,12.059146,-0.019442,0.339696,0.191734,0.451205,-0.0011,-0.019442,0.327959,-0.028587,-0.002593,-0.087285,0.03484,0.339696,-0.028587,0.103331,-0.011281,0.004595,-0.31616,0.191734,-0.002593,-0.011281,0.041471
AAGA,10.038984,-0.807756,-0.031492,0.658258,-0.115148,-0.040282,-0.807756,13.481399,-2.191607,-0.219662,0.142942,-0.042867,-0.031492,-2.191607,11.925011,-0.242424,0.063724,0.192531,0.658258,-0.219662,-0.242424,0.315086,-0.037356,-0.006824,-0.115148,0.142942,0.063724,-0.037356,0.162636,-0.019326,-0.040282,-0.042867,0.192531,-0.006824,-0.019326,0.039281
AAGC,17.955045,3.1265,0.279725,1.304305,0.348755,-0.108805,3.1265,13.496364,-2.263086,0.41394,0.00771,-0.00209,0.279725,-2.263086,15.807079,0.000255,0.335335,0.245955,1.304305,0.41394,0.000255,0.403865,0.038115,-0.015365,0.348755,0.00771,0.335335,0.038115,0.198645,-0.019625,-0.108805,-0.00209,0.245955,-0.015365,-0.019625,0.035775
AAGG,7.787671,1.116596,-2.354125,0.066794,0.01807,-0.036624,1.116596,19.568626,-4.77767,-0.095986,-0.62664,0.020096,-2.354125,-4.77767,11.288715,-0.14741,0.28699,0.19945,0.066794,-0.095986,-0.14741,0.232756,-0.00729,0.004114,0.01807,-0.62664,0.28699,-0.00729,0.26116,-0.02762,-0.036624,0.020096,0.19945,0.004114,-0.02762,0.042726
AAGT,13.957891,0.914514,1.556039,0.03577,0.038563,0.032631,0.914514,23.257266,1.446996,-0.02824,0.499882,-0.039226,1.556039,1.446996,16.942241,0.36169,0.315947,0.141189,0.03577,-0.02824,0.36169,0.22073,0.0088,0.00115,0.038563,0.499882,0.315947,0.0088,0.165389,-0.020667,0.032631,-0.039226,0.141189,0.00115,-0.020667,0.050111
AATA,6.55323,-0.01289,0.21901,0.10474,0.01059,-0.00358,-0.01289,15.328264,-3.880794,-0.068682,-0.066184,-0.177088,0.21901,-3.880794,13.620849,0.019627,0.252974,0.058488,0.10474,-0.068682,0.019627,0.263001,0.003312,-0.000166,0.01059,-0.066184,0.252974,0.003312,0.118854,-0.013362,-0.00358,-0.177088,0.058488,-0.000166,-0.013362,0.026556
AATC,5.613474,0.104824,0.02681,0.288492,0.037486,0.002372,0.104824,15.227439,-4.87806,-0.052063,0.057106,-0.223493,0.02681,-4.87806,10.87883,0.08256,0.12342,0.14895,0.288492,-0.052063,0.08256,0.189911,0.001558,-0.000939,0.037486,0.057106,0.12342,0.001558,0.073404,-0.010632,0.002372,-0.223493,0.14895,-0.000939,-0.010632,0.026281
AATG,8.087721,0.311256,0.084991,0.067093,-0.051372,-0.012585,0.311256,13.420226,-1.633934,-0.111182,0.520788,-0.07418,0.084991,-1.633934,10.284851,0.082463,0.244768,0.130835,0.067093,-0.111182,0.082463,0.219009,-0.001686,0.004465,-0.051372,0.520788,0.244768,-0.001686,0.147104,-0.00391,-0.012585,-0.07418,0.130835,0.004465,-0.00391,0.029305
AATT,7.47368,0.0,0.0,0.16408,0.0,0.0,0.0,8.001196,-0.895564,0.0,0.062154,-0.10715,0.0,-0.895564,9.320811,0.0,0.159629,0.14079,0.16408,0.0,0.0,0.138,0.0,0.0,0.0,0.062154,0.159629,0.0,0.079041,-0.01214,0.0,-0.10715,0.14079,0.0,-0.01214,0.03082
ACAA,11.592531,0.806263,-1.726956,0.36853,-0.119808,0.116844,0.806263,29.563739,-6.971068,-0.33578,-0.837534,0.340222,-1.726956,-6.971068,26.392686,0.02121,1.344018,0.160266,0.36853,-0.33578,0.02121,0.32302,0.04046,-0.01169,-0.119808,-0.837534,1.344018,0.04046,0.572584,-0.039672,0.116844,0.340222,0.160266,-0.01169,-0.039672,0.070866
ACAC,13.817794,1.214548,-0.50219,0.551448,-0.209426,-0.027146,1.214548,25.168606,-9.04795,-0.067184,-0.594022,0.132588,-0.50219,-9.04795,20.731235,0.144885,0.929875,0.30062,0.551448,-0.067184,0.144885,0.380171,-0.028457,0.001948,-0.209426,-0.594022,0.929875,-0.028457,0.437169,0.005634,-0.027146,0.132588,0.30062,0.001948,0.005634,0.071184
ACAG,18.350871,-1.417597,0.353934,0.414296,0.126541,-0.026177,-1.417597,22.728299,-5.537078,-0.210342,-0.447737,0.323829,0.353934,-5.537078,14.061856,0.145344,0.647554,0.081952,0.414296,-0.210342,0.145344,0.332326,0.026866,-0.016792,0.126541,-0.447737,0.647554,0.026866,0.428551,-0.022447,-0.026177,0.323829,0.081952,-0.016792,-0.022447,0.067719
ACAT,13.467559,-0.74009,-0.129796,0.455744,-0.163257,0.148566,-0.74009,27.46551,-5.9773,0.05611,0.03413,0.30263,-0.129796,-5.9773,19.969894,0.197244,0.763908,0.057476,0.455744,0.05611,0.197244,0.257554,-0.031692,0.008656,-0.163257,0.03413,0.763908,-0.031692,0.436371,-0.011638,0.148566,0.30263,0.057476,0.008656,-0.011638,0.066914
ACCA,15.834769,-2.880307,1.563592,0.33588,0.123295,0.028511,-2.880307,17.769421,-7.775086,0.11872,-0.478425,-0.039693,1.563592,-7.775086,15.790516,-0.21138,0.68153,0.170148,0.33588,0.11872,-0.21138,0.24064,-0.05055,0.00721,0.123295,-0.478425,0.68153,-0.05055,0.268175,-0.016265,0.028511,-0.039693,0.170148,0.00721,-0.016265,0.043279
ACCC,17.262295,-0.697805,1.50108,1.198035,0.781695,-0.121745,-0.697805,22.677131,-7.352466,-0.631003,-0.814897,-0.204523,1.50108,-7.352466,21.816866,0.166268,0.807222,0.309208,1.198035,-0.631003,0.166268,0.474149,0.142141,0.014929,0.781695,-0.814897,0.807222,0.142141,0.561549,-0.052689,-0.121745,-0.204523,0.309208,0.014929,-0.052689,0.068569
ACCG,25.396909,6.82593,-4.167566,0.882332,-0.419198,-0.024644,6.82593,26.5512,-10.44403,-0.03705,-0.97878,0.18549,-4.167566,-10.44403,28.091544,0.200682,1.067002,0.269686,0.882332,-0.03705,0.200682,0.507056,-0.030944,0.003398,-0.419198,-0.97878,1.067002,-0.030944,0.342976,-0.050012,-0.024644,0.18549,0.269686,0.003398,-0.050012,0.070034
ACCT,10.615439,-0.593642,-0.81983,0.478903,0.093888,-0.09416,-0.593642,17.822946,-0.62392,0.176086,0.412486,-0.00051,-0.81983,-0.62392,20.58078,-0.27702,1.01707,0.02982,0.478903,0.176086,-0.27702,0.272841,-0.023134,0.01446,0.093888,0.412486,1.01707,-0.023134,0.353406,-0.06018,-0.09416,-0.00051,0.02982,0.01446,-0.06018,0.05852
ACGA,20.197329,-0.074194,0.709842,0.683056,-0.100135,0.031331,-0.074194,21.803984,-4.750722,0.012954,0.09762,0.183874,0.709842,-4.750722,17.785526,0.060528,0.22267,0.203468,0.683056,0.012954,0.060528,0.274624,-0.00542,0.004724,-0.100135,0.09762,0.22267,-0.00542,0.195475,0.011085,0.031331,0.183874,0.203468,0.004724,0.011085,0.065449
ACGC,23.153949,3.709607,-0.87105,1.944563,0.446373,-0.201272,3.709607,26.666811,-4.85779,0.302299,0.113139,0.318484,-0.87105,-4.85779,11.66062,-0.12759,0.45898,0.23977,1.944563,0.302299,-0.12759,0.427911,0.024431,-0.023264,0.446373,0.113139,0.45898,0.024431,0.260911,-0.035274,-0.201272,0.318484,0.23977,-0.023264,-0.035274,0.083256
ACGG,22.867006,-2.099552,1.588418,0.388672,0.081924,0.018444,-2.099552,30.350249,-16.890166,-0.029894,0.254532,0.016452,1.588418,-16.890166,22.566404,-0.085554,0.205312,0.120702,0.388672,-0.029894,-0.085554,0.241544,0.020458,-0.011622,0.081924,0.254532,0.205312,0.020458,0.126046,0.009396,0.018444,0.016452,0.120702,-0.011622,0.009396,0.046346
ACGT,21.14891,-0.0,-0.0,0.61039,0.0,-0.0,-0.0,29.967641,-7.561299,0.0,-1.120352,0.616024,-0.0,-7.561299,19.156121,0.0,0.751888,0.044534,0.61039,0.0,0.0,0.19753,0.0,-0.0,0.0,-1.120352,0.751888,0.0,0.431774,-0.057628,-0.0,0.616024,0.044534,-0.0,-0.057628,0.083436
ACTA,19.548639,2.564657,-0.445485,0.328306,-0.432305,0.009649,2.564657,21.083941,-5.526225,0.350728,-0.251585,0.193537,-0.445485,-5.526225,17.729125,-0.47504,0.670525,-0.048335,0.328306,0.350728,-0.47504,0.394784,-0.03381,0.017506,-0.432305,-0.251585,0.670525,-0.03381,0.277565,-0.040235,0.009649,0.193537,-0.048335,0.017506,-0.040235,0.054069
ACTC,18.052394,5.285694,-0.180238,0.078832,-0.524584,-0.015182,5.285694,19.119994,-4.471168,-0.191608,-0.684384,-0.084762,-0.180238,-4.471168,13.179491,-0.205444,0.632428,0.099914,0.078832,-0.191608,-0.205444,0.309356,0.026078,-0.002676,-0.524584,-0.684384,0.632428,0.026078,0.292164,-0.005298,-0.015182,-0.084762,0.099914,-0.002676,-0.005298,0.034926
ACTG,15.103681,2.624077,-3.830845,-0.025324,-0.321053,-0.082115,2.624077,13.014769,-3.894155,-0.188248,0.090379,-0.081225,-3.830845,-3.894155,17.469435,0.14486,0.587785,0.341865,-0.025324,-0.188248,0.14486,0.271176,0.002572,0.00174,-0.321053,0.090379,0.587785,0.002572,0.167559,0.005075,-0.082115,-0.081225,0.341865,0.00174,0.005075,0.040935
ACTT,13.957891,-0.914514,-1.556039,0.03577,-0.038563,-0.032631,-0.914514,23.257266,1.446996,0.02824,0.499882,-0.039226,-1.556039,1.446996,16.942241,-0.36169,0.315947,0.141189,0.03577,0.02824,-0.36169,0.22073,-0.0088,-0.00115,-0.038563,0.499882,0.315947,-0.0088,0.165389,-0.020667,-0.032631,-0.039226,0.141189,-0.00115,-0.020667,0.050111
AGAA,7.205791,-0.443983,0.720329,0.257722,0.052949,0.037431,-0.443983,15.466569,-5.116317,0.036854,-0.094667,-0.165993,0.720329,-5.116317,15.808101,0.476658,0.132391,0.187879,0.257722,0.036854,0.476658,0.296834,0.020268,-0.003028,0.052949,-0.094667,0.132391,0.020268,0.200771,-0.011991,0.037431,-0.165993,0.187879,-0.003028,-0.011991,0.038021
AGAC,16.125755,-3.159285,0.466165,1.424045,-0.116645,-0.033045,-3.159285,18.631271,-3.645269,-0.525365,0.016349,0.014623,0.466165,-3.645269,14.219551,0.001155,0.337069,0.069333,1.424045,-0.525365,0.001155,0.374835,-0.013405,-0.005905,-0.116645,0.016349,0.337069,-0.013405,0.269601,-0.000443,-0.033045,0.014623,0.069333,-0.005905,-0.000443,0.032129
AGAG,13.835114,-1.48533,2.270716,1.153278,0.2789,-0.132638,-1.48533,18.927195,-6.69937,-0.073885,-1.17653,0.20814,2.270716,-6.69937,15.115294,0.372252,1.07659,-0.118182,1.153278,-0.073885,0.372252,0.380611,0.06918,0.000654,0.2789,-1.17653,1.07659,0.06918,0.44705,-0.05037,-0.132638,0.20814,-0.118182,0.000654,-0.05037,0.045886
AGAT,9.216451,-2.685394,-1.074518,0.141186,-0.063228,-0.075632,-2.685394,16.030916,-0.681028,0.020546,0.124862,0.221188,-1.074518,-0.681028,15.717744,0.031322,0.160314,0.090096,0.141186,0.020546,0.031322,0.132336,-0.000598,-0.003902,-0.063228,0.124862,0.160314,-0.000598,0.120084,-0.001514,-0.075632,0.221188,0.090096,-0.003902,-0.001514,0.038814
AGCA,13.797035,0.97628,-1.560865,0.63735,-0.086535,-0.124435,0.97628,16.511634,-5.09538,-0.320618,-0.396608,-0.259298,-1.560865,-5.09538,14.265215,0.19964,0.342265,0.313105,0.63735,-0.320618,0.19964,0.422336,0.009236,0.014236,-0.086535,-0.396608,0.342265,0.009236,0.186091,-0.019589,-0.124435,-0.259298,0.313105,0.014236,-0.019589,0.049441
AGCC,14.688986,0.742624,-0.149168,1.062184,0.065398,-0.038502,0.742624,11.977856,-1.282272,-0.124524,-0.311548,-0.067688,-0.149168,-1.282272,11.796294,-0.047492,0.310926,0.066166,1.062184,-0.124524,-0.047492,0.469826,-0.011258,0.003812,0.065398,-0.311548,0.310926,-0.011258,0.182539,-0.025646,-0.038502,-0.067688,0.066166,0.003812,-0.025646,0.032604
AGCG,15.761456,-0.175002,-0.433826,1.091314,0.065184,-0.01547,-0.175002,9.064499,-2.565023,0.050217,-0.298918,-0.063945,-0.433826,-2.565023,9.675711,-0.075369,0.442026,0.111545,1.091314,0.050217,-0.075369,0.308181,-0.004264,-5.5e-05,0.065184,-0.298918,0.442026,-0.004264,0.161006,-0.02284,-0.01547,-0.063945,0.111545,-5.5e-05,-0.02284,0.035835
AGCT,10.94329,0.0,0.0,0.40382,0.0,0.0,0.0,13.361874,-3.280362,0.0,-0.604094,-0.237622,0.0,-3.280362,10.552811,-0.0,0.481992,0.199571,0.40382,0.0,-0.0,0.1993,0.0,0.0,0.0,-0.604094,0.481992,0.0,0.183024,-0.008968,0.0,-0.237622,0.199571,0.0,-0.008968,0.039901
AGGA,12.471054,0.697956,0.615868,0.902796,-0.135998,0.023192,0.697956,16.223924,-3.721868,0.158534,-0.140342,-0.008052,0.615868,-3.721868,12.511866,0.110212,0.608874,0.079464,0.902796,0.158534,0.110212,0.355519,0.027408,-0.005467,-0.135998,-0.140342,0.608874,0.027408,0.266426,-0.041184,0.023192,-0.008052,0.079464,-0.005467,-0.041184,0.041581
AGGC,15.620545,2.1665,-0.74673,1.026635,-0.195475,0.06741,2.1665,19.373076,-6.71187,0.078432,-0.576092,0.008146,-0.74673,-6.71187,17.26142,-0.02501,0.7978,0.21464,1.026635,0.078432,-0.02501,0.393849,0.005151,-0.009128,-0.195475,-0.576092,0.7978,0.005151,0.358909,-0.021482,0.06741,0.008146,0.21464,-0.009128,-0.021482,0.052976
AGGG,11.118694,-0.633386,-0.44519,1.132148,-0.037368,-0.029734,-0.633386,19.411249,-4.015525,-0.172757,-0.835913,0.011851,-0.44519,-4.015525,15.919745,0.272845,1.253905,0.123725,1.132148,-0.172757,0.272845,0.479261,-0.027201,-0.004163,-0.037368,-0.835913,1.253905,-0.027201,0.495131,-0.034627,-0.029734,0.011851,0.123725,-0.004163,-0.034627,0.053119
AGGT,10.615439,0.593642,0.81983,0.478903,-0.093888,0.09416,0.593642,17.822946,-0.62392,-0.176086,0.412486,-0.00051,0.81983,-0.62392,20.58078,0.27702,1.01707,0.02982,0.478903,-0.176086,0.27702,0.272841,0.023134,-0.01446,-0.093888,0.412486,1.01707,0.023134,0.353406,-0.06018,0.09416,-0.00051,0.02982,-0.01446,-0.06018,0.05852
AGTA,11.193696,-0.94894,1.440646,0.458866,-0.02183,0.00471,-0.94894,21.538975,-4.44045,0.50815,0.01475,-0.48434,1.440646,-4.44045,13.195556,-0.178144,0.37015,0.15966,0.458866,0.50815,-0.178144,0.447636,-0.01237,-0.03437,-0.02183,0.01475,0.37015,-0.01237,0.14624,-0.01333,0.00471,-0.48434,0.15966,-0.03437,-0.01333,0.05357
AGTC,7.851941,-1.038332,0.285599,-0.00482,-0.033634,-0.048055,-1.038332,12.369034,-2.372968,0.60951,-0.122842,-0.19473,0.285599,-2.372968,11.837771,0.21704,0.401054,0.110395,-0.00482,0.60951,0.21704,0.39529,0.0048,-0.00755,-0.033634,-0.122842,0.401054,0.0048,0.113996,-0.01433,-0.048055,-0.19473,0.110395,-0.00755,-0.01433,0.025705
AGTG,10.675299,-0.622595,-0.764225,0.306437,-0.138163,-0.054126,-0.622595,10.880195,-2.857065,-0.293725,0.150825,-0.1914,-0.764225,-2.857065,16.176525,-0.022135,0.281035,0.13355,0.306437,-0.293725,-0.022135,0.487301,0.005641,0.006582,-0.138163,0.150825,0.281035,0.005641,0.108221,-0.017038,-0.054126,-0.1914,0.13355,0.006582,-0.017038,0.032024
AGTT,9.471955,0.00411,0.30069,0.451205,0.087285,-0.004595,0.00411,13.06971,-3.24195,0.0011,0.03484,-0.31616,0.30069,-3.24195,12.059146,0.019442,0.339696,0.191734,0.451205,0.0011,0.019442,0.327959,0.028587,0.002593,0.087285,0.03484,0.339696,0.028587,0.103331,-0.011281,-0.004595,-0.31616,0.191734,0.002593,-0.011281,0.041471
ATAA,13.632644,0.879642,-1.65312,0.452658,-0.040626,-0.014662,0.879642,39.099536,-23.74494,0.007344,-0.903748,-0.301766,-1.65312,-23.74494,39.316865,0.01317,1.103135,0.47762,0.452658,0.007344,0.01317,0.315106,-0.001302,9.6e-05,-0.040626,-0.903748,1.103135,-0.001302,0.779489,-0.042482,-0.014662,-0.301766,0.47762,9.6e-05,-0.042482,0.041126
ATAC,16.445246,-0.255546,1.15243,0.238618,0.14081,0.024348,-0.255546,21.224496,-8.44017,-0.102298,-1.39887,0.090012,1.15243,-8.44017,21.67047,0.2064,1.4762,0.11145,0.238618,-0.102298,0.2064,0.360984,0.02785,-0.010686,0.14081,-1.39887,1.4762,0.02785,0.50663,-0.0152,0.024348,0.090012,0.11145,-0.010686,-0.0152,0.051474
ATAG,10.824766,-1.395432,-1.472312,0.152338,0.234276,-0.03222,-1.395432,39.716859,-21.852291,0.320089,-1.928332,-0.32566,-1.472312,-21.852291,35.515109,-0.190721,2.837578,0.39205,0.152338,0.320089,-0.190721,0.320699,0.003918,-0.01753,0.234276,-1.928332,2.837578,0.003918,0.664346,0.002,-0.03222,-0.32566,0.39205,-0.01753,0.002,0.0604
ATAT,13.66425,0.0,-0.0,0.21919,0.0,0.0,0.0,33.990144,-14.922016,0.0,-0.232034,-0.50881,-0.0,-14.922016,24.658269,0.0,1.089006,0.59647,0.21919,0.0,0.0,0.2418,0.0,0.0,0.0,-0.232034,1.089006,0.0,0.282974,0.01361,0.0,-0.50881,0.59647,0.0,0.01361,0.07476
ATCA,13.933679,-0.606582,-0.119298,0.792408,-0.184068,0.084161,-0.606582,13.222046,-5.675076,-0.254204,0.113564,-0.205248,-0.119298,-5.675076,9.772036,0.085834,0.038566,0.156728,0.792408,-0.254204,0.085834,0.152566,-0.019436,0.001992,-0.184068,0.113564,0.038566,-0.019436,0.083586,-0.005112,0.084161,-0.205248,0.156728,0.001992,-0.005112,0.028859
ATCC,10.003909,1.184639,0.860152,0.310401,-0.098077,0.101468,1.184639,18.225029,-4.954098,-0.117839,0.122413,-0.195672,0.860152,-4.954098,17.046926,0.108638,0.157034,0.375274,0.310401,-0.117839,0.108638,0.224929,0.000747,-0.004448,-0.098077,0.122413,0.157034,0.000747,0.129361,-0.005154,0.101468,-0.195672,0.375274,-0.004448,-0.005154,0.049936
ATCG,15.959005,2.02866,0.453255,1.07187,0.14656,-0.098785,2.02866,16.268404,-5.87741,0.112802,0.252596,-0.176464,0.453255,-5.87741,20.555335,0.05006,0.1713,0.291375,1.07187,0.112802,0.05006,0.294766,-0.004692,-0.015822,0.14656,0.252596,0.1713,-0.004692,0.253264,-0.012066,-0.098785,-0.176464,0.291375,-0.015822,-0.012066,0.046729
ATCT,9.216451,2.685394,1.074518,0.141186,0.063228,0.075632,2.685394,16.030916,-0.681028,-0.020546,0.124862,0.221188,1.074518,-0.681028,15.717744,-0.031322,0.160314,0.090096,0.141186,-0.020546,-0.031322,0.132336,0.000598,0.003902,0.063228,0.124862,0.160314,0.000598,0.120084,-0.001514,0.075632,0.221188,0.090096,0.003902,-0.001514,0.038814
ATGA,22.13565,-3.44206,8.05672,0.73936,1.60472,-0.10405,-3.44206,16.162179,-5.929954,0.142604,-0.735556,0.184044,8.05672,-5.929954,21.628474,0.289726,2.336426,0.106146,0.73936,0.142604,0.289726,0.499974,0.044354,0.018974,1.60472,-0.735556,2.336426,0.044354,0.818664,-0.042556,-0.10405,0.184044,0.106146,0.018974,-0.042556,0.047524
ATGC,6.542614,1.033632,-0.820932,0.310198,-0.051526,0.012914,1.033632,15.686081,-3.689541,-0.220371,-0.480603,0.104447,-0.820932,-3.689541,7.669511,-0.081289,0.164923,0.010253,0.310198,-0.220371,-0.081289,0.177571,0.037293,0.001863,-0.051526,-0.480603,0.164923,0.037293,0.139409,-0.002391,0.012914,0.104447,0.010253,0.001863,-0.002391,0.026319
ATGG,13.45019,0.02864,-0.68734,0.78871,-0.39535,0.05481,0.02864,21.232229,-7.058156,-0.098735,0.318985,0.067856,-0.68734,-7.058156,16.134334,0.0868,1.0775,0.212916,0.78871,-0.098735,0.0868,0.325575,-0.162865,0.00021,-0.39535,0.318985,1.0775,-0.162865,0.820485,-0.056,0.05481,0.067856,0.212916,0.00021,-0.056,0.062564
ATGT,13.467559,0.74009,0.129796,0.455744,0.163257,-0.148566,0.74009,27.46551,-5.9773,-0.05611,0.03413,0.30263,0.129796,-5.9773,19.969894,-0.197244,0.763908,0.057476,0.455744,-0.05611,-0.197244,0.257554,0.031692,-0.008656,0.163257,0.03413,0.763908,0.031692,0.436371,-0.011638,-0.148566,0.30263,0.057476,-0.008656,-0.011638,0.066914
ATTA,10.162961,0.95158,-0.710371,0.255923,0.016416,0.022171,0.95158,34.33355,-2.34461,0.49258,0.41566,-0.0966,-0.710371,-2.34461,11.600461,0.179967,0.203724,0.163009,0.255923,0.49258,0.179967,0.217309,-0.004462,0.008953,0.016416,0.41566,0.203724,-0.004462,0.116246,-0.006794,0.022171,-0.0966,0.163009,0.008953,-0.006794,0.035611
ATTC,10.239466,-1.54202,2.88118,0.288354,0.05769,-0.025582,-1.54202,24.53832,-7.85524,-0.2698,-0.22851,0.04146,2.88118,-7.85524,15.22645,0.14415,0.42622,-0.02663,0.288354,-0.2698,0.14415,0.169121,0.00519,0.002737,0.05769,-0.22851,0.42622,0.00519,0.14231,-0.00819,-0.025582,0.04146,-0.02663,0.002737,-0.00819,0.023909
ATTG,12.01973,-1.3955,-0.8424,0.58656,0.03665,-0.05365,-1.3955,15.602514,-3.708212,-0.095254,0.483146,-0.014738,-0.8424,-3.708212,12.773461,-0.254928,0.277832,0.015709,0.58656,-0.095254,-0.254928,0.248524,0.005754,8e-06,0.03665,0.483146,0.277832,0.005754,0.174924,-0.005132,-0.05365,-0.014738,0.015709,8e-06,-0.005132,0.042591
ATTT,7.362886,-0.726386,-0.529318,0.098396,-0.055034,-0.05288,-0.726386,12.519751,-2.485267,-0.054966,0.127214,0.082145,-0.529318,-2.485267,6.999079,0.034812,0.176012,0.042795,0.098396,-0.054966,0.034812,0.097226,0.001266,-0.00427,-0.055034,0.127214,0.176012,0.001266,0.083256,0.00036,-0.05288,0.082145,0.042795,-0.00427,0.00036,0.020935
CAAA,7.592035,0.73363,0.046535,0.43591,-0.07045,-0.006195,0.73363,18.488206,-4.5326,-0.178618,0.287444,-0.12003,0.046535,-4.5326,13.017055,-0.0608,0.2811,0.120155,0.43591,-0.178618,-0.0608,0.243704,-0.010392,0.0032,-0.07045,0.287444,0.2811,-0.010392,0.149746,0.00035,-0.006195,-0.12003,0.120155,0.0032,0.00035,0.028825
CAAC,14.360326,2.940604,-1.345608,0.079812,-0.02842,-0.1441,2.940604,20.742891,-5.876057,0.386838,0.24648,-0.02546,-1.345608,-5.876057,13.217959,0.016724,0.05054,0.12867,0.079812,0.386838,0.016724,0.212054,0.0197,-0.00307,-0.02842,0.24648,0.05054,0.0197,0.15343,0.00959,-0.1441,-0.02546,0.12867,-0.00307,0.00959,0.04915
CAAG,15.106804,1.57835,2.369132,1.05016,0.284178,-0.003188,1.57835,19.064155,-3.07192,0.39515,0.54492,-0.061845,2.369132,-3.07192,17.789296,0.60892,0.551894,0.440566,1.05016,0.39515,0.60892,0.43369,0.06558,0.02492,0.284178,0.54492,0.551894,0.06558,0.190866,0.005204,-0.003188,-0.061845,0.440566,0.02492,0.005204,0.056561
CAAT,12.01973,1.3955,0.8424,0.58656,-0.03665,0.05365,1.3955,15.602514,-3.708212,0.095254,0.483146,-0.014738,0.8424,-3.708212,12.773461,0.254928,0.277832,0.015709,0.58656,0.095254,0.254928,0.248524,-0.005754,-8e-06,-0.03665,0.483146,0.277832,-0.005754,0.174924,-0.005132,0.05365,-0.014738,0.015709,-8e-06,-0.005132,0.042591
CACA,12.392209,0.50693,0.776644,0.797815,0.084939,0.041088,0.50693,13.73609,-4.12849,-0.3393,0.09867,-0.26239,0.776644,-4.12849,17.956694,0.13865,0.189004,0.211958,0.797815,-0.3393,0.13865,0.368105,-0.010705,0.01398,0.084939,0.09867,0.189004,-0.010705,0.204479,-0.025472,0.041088,-0.26239,0.211958,0.01398,-0.025472,0.044376
CACC,12.730221,-1.986108,-2.643596,0.332001,-0.37832,0.133527,-1.986108,11.462434,-1.087022,0.030632,0.03945,-0.152796,-2.643596,-1.087022,14.910246,0.002704,0.31894,0.164888,0.332001,0.030632,0.002704,0.297071,-0.03328,0.028047,-0.37832,0.03945,0.31894,-0.03328,0.16979,-0.03463,0.133527,-0.152796,0.164888,0.028047,-0.03463,0.057659
CACG,9.842601,-0.910417,1.77207,0.365769,0.081104,0.09108,-0.910417,14.734039,-1.01126,0.001597,-0.102688,-0.17988,1.77207,-1.01126,14.67513,-0.11457,0.30406,0.2836,0.365769,0.001597,-0.11457,0.222561,-0.016494,0.00127,0.081104,-0.102688,0.30406,-0.016494,0.094106,-0.01441,0.09108,-0.17988,0.2836,0.00127,-0.01441,0.045
CACT,10.675299,0.622595,0.764225,0.306437,0.138163,0.054126,0.622595,10.880195,-2.857065,0.293725,0.150825,-0.1914,0.764225,-2.857065,16.176525,0.022135,0.281035,0.13355,0.306437,0.293725,0.022135,0.487301,-0.005641,-0.006582,0.138163,0.150825,0.281035,-0.005641,0.108221,-0.017038,0.054126,-0.1914,0.13355,-0.006582,-0.017038,0.032024
CAGA,9.753291,1.272189,-1.373537,0.28727,0.029054,-0.017401,1.272189,16.798621,-2.839153,0.20942,-0.018564,-0.080619,-1.373537,-2.839153,15.239799,0.30631,0.384282,0.119777,0.28727,0.20942,0.30631,0.40956,-0.01119,-0.00895,0.029054,-0.018564,0.384282,-0.01119,0.218676,-0.014564,-0.017401,-0.080619,0.119777,-0.00895,-0.014564,0.031091
CAGC,11.0056,-0.37667,-0.15874,-0.1201,0.02835,0.14003,-0.37667,9.547561,-1.69927,0.02686,0.064821,-0.079327,-0.15874,-1.69927,8.29758,-0.21948,-0.04384,0.17418,-0.1201,0.02686,-0.21948,0.23415,-0.01312,-0.00928,0.02835,0.064821,-0.04384,-0.01312,0.121991,-0.012937,0.14003,-0.079327,0.17418,-0.00928,-0.012937,0.035659
CAGG,11.22247,-0.46361,1.07931,0.14651,-0.08779,0.00833,-0.46361,20.034806,-7.6793,0.193832,-0.032864,-0.092276,1.07931,-7.6793,17.90577,-0.2301,0.25161,0.19908,0.14651,0.193832,-0.2301,0.315984,-0.013178,-0.000862,-0.08779,-0.032864,0.25161,-0.013178,0.226891,-0.012476,0.00833,-0.092276,0.19908,-0.000862,-0.012476,0.042636
CAGT,15.103681,-2.624077,3.830845,-0.025324,0.321053,0.082115,-2.624077,13.014769,-3.894155,0.188248,0.090379,-0.081225,3.830845,-3.894155,17.469435,-0.14486,0.587785,0.341865,-0.025324,0.188248,-0.14486,0.271176,-0.002572,-0.00174,0.321053,0.090379,0.587785,-0.002572,0.167559,0.005075,0.082115,-0.081225,0.341865,-0.00174,0.005075,0.040935
CATA,8.943566,-0.64646,0.548108,-0.407706,0.04647,-0.000576,-0.64646,11.932735,-2.54781,0.06878,-0.06609,-0.153355,0.548108,-2.54781,12.418004,-0.020928,0.37807,0.052172,-0.407706,0.06878,-0.020928,0.418846,-0.00654,0.000306,0.04647,-0.06609,0.37807,-0.00654,0.12319,-0.01757,-0.000576,-0.153355,0.052172,0.000306,-0.01757,0.033551
CATC,4.146824,-0.234434,0.08112,0.277496,-0.003368,0.00828,-0.234434,8.359904,-2.48268,-0.015686,-0.024402,-0.05929,0.08112,-2.48268,4.295335,-0.01964,0.009225,0.058285,0.277496,-0.015686,-0.01964,0.123954,-0.001402,0.00128,-0.003368,-0.024402,0.009225,-0.001402,0.023111,-0.003195,0.00828,-0.05929,0.058285,0.00128,-0.003195,0.011415
CATG,5.1498,0.0,0.0,0.15896,0.0,-0.0,0.0,14.819985,-4.114065,0.0,0.24143,-0.170065,0.0,-4.114065,12.939371,0.0,-0.029464,0.282465,0.15896,0.0,0.0,0.24855,0.0,0.0,0.0,0.24143,-0.029464,0.0,0.080976,-0.01942,-0.0,-0.170065,0.282465,0.0,-0.01942,0.038465
CATT,8.070616,-0.312012,-0.092668,0.06661,0.051228,0.01185,-0.312012,13.398724,-1.627674,0.11272,0.520874,-0.07439,-0.092668,-1.627674,10.292919,-0.08037,0.223576,0.138155,0.06661,0.11272,-0.08037,0.21896,0.00196,-0.00441,0.051228,0.520874,0.223576,0.00196,0.147794,-0.00624,0.01185,-0.07439,0.138155,-0.00441,-0.00624,0.030545
CCAA,16.092994,-2.83342,2.319232,0.809662,0.130594,0.046924,-2.83342,43.015875,-19.512495,1.00213,-2.247735,0.32124,2.319232,-19.512495,27.117261,-0.546294,1.725007,0.151502,0.809662,1.00213,-0.546294,0.429876,-0.055178,0.006052,0.130594,-2.247735,1.725007,-0.055178,0.558499,-0.016346,0.046924,0.32124,0.151502,0.006052,-0.016346,0.038704
CCAC,14.524,1.77078,-0.17579,0.98003,0.42908,-0.16767,1.77078,22.155101,-5.270343,-0.187703,-0.383928,0.041658,-0.17579,-5.270343,14.060829,0.174619,0.698074,0.106706,0.98003,-0.187703,0.174619,0.381539,0.043934,-0.008974,0.42908,-0.383928,0.698074,0.043934,0.346264,-0.014874,-0.16767,0.041658,0.106706,-0.008974,-0.014874,0.051324
CCAG,14.338884,-3.740238,0.054748,0.872124,0.149094,-0.080582,-3.740238,23.257631,-13.122141,-0.009263,-1.828018,-0.163911,0.054748,-13.122141,25.350761,-0.437547,2.028108,0.462561,0.872124,-0.009263,-0.437547,0.410059,-0.029206,-0.010787,0.149094,-1.828018,2.028108,-0.029206,0.690624,0.012018,-0.080582,-0.163911,0.462561,-0.010787,0.012018,0.066251
CCAT,13.45019,-0.02864,0.68734,0.78871,0.39535,-0.05481,-0.02864,21.232229,-7.058156,0.098735,0.318985,0.067856,0.68734,-7.058156,16.134334,-0.0868,1.0775,0.212916,0.78871,0.098735,-0.0868,0.325575,0.162865,-0.00021,0.39535,0.318985,1.0775,0.162865,0.820485,-0.056,-0.05481,0.067856,0.212916,-0.00021,-0.056,0.062564
CCCA,16.397951,-2.642956,0.92778,1.165474,0.137324,0.032076,-2.642956,16.242216,-7.81774,-0.200024,-0.496644,-0.088866,0.92778,-7.81774,15.69533,0.12162,0.21689,0.1812,1.165474,-0.200024,0.12162,0.385726,-0.064954,0.022804,0.137324,-0.496644,0.21689,-0.064954,0.451876,-0.060426,0.032076,-0.088866,0.1812,0.022804,-0.060426,0.048046
CCCC,18.500554,1.96567,-2.246186,2.44618,-0.12342,0.029362,1.96567,21.262705,-8.93524,0.1258,-1.147315,0.0031,-2.246186,-8.93524,18.984234,0.0607,1.50638,0.152702,2.44618,0.1258,0.0607,0.80952,0.02203,0.01406,-0.12342,-1.147315,1.50638,0.02203,0.552935,-0.03191,0.029362,0.0031,0.152702,0.01406,-0.03191,0.049776
CCCG,20.453374,-0.395742,1.909938,1.378498,0.481246,0.076976,-0.395742,12.754576,-2.838954,-0.104884,-0.086228,-0.072438,1.909938,-2.838954,16.135621,0.143611,0.346437,0.237322,1.378498,-0.104884,0.143611,0.386161,0.031097,-0.016088,0.481246,-0.086228,0.346437,0.031097,0.337779,-0.038546,0.076976,-0.072438,0.237322,-0.016088,-0.038546,0.059024
CCCT,11.118694,0.633386,0.44519,1.132148,0.037368,0.029734,0.633386,19.411249,-4.015525,0.172757,-0.835913,0.011851,0.44519,-4.015525,15.919745,-0.272845,1.253905,0.123725,1.132148,0.172757,-0.272845,0.479261,0.027201,0.004163,0.037368,-0.835913,1.253905,0.027201,0.495131,-0.034627,0.029734,0.011851,0.123725,0.004163,-0.034627,0.053119
CCGA,20.310034,0.57713,-1.445648,1.21864,-0.110078,-0.009962,0.57713,18.543305,-9.066605,-0.23774,-1.483715,-0.339455,-1.445648,-9.066605,19.881931,-0.08581,1.589551,0.516279,1.21864,-0.23774,-0.08581,0.29416,0.02439,0.00683,-0.110078,-1.483715,1.589551,0.02439,0.477091,0.091059,-0.009962,-0.339455,0.516279,0.00683,0.091059,0.045921
CCGC,23.574824,0.263376,0.208032,0.915926,-0.047802,0.037842,0.263376,26.584369,-11.665147,-0.017711,-0.062028,0.296943,0.208032,-11.665147,21.891671,0.008003,0.341814,0.244741,0.915926,-0.017711,0.008003,0.281229,0.003232,-0.004177,-0.047802,-0.062028,0.341814,0.003232,0.164506,0.027164,0.037842,0.296943,0.244741,-0.004177,0.027164,0.071161
CCGG,17.17662,0.0,-0.0,1.21851,0.0,-0.0,0.0,21.314639,-5.247459,0.0,0.05096,0.219066,-0.0,-5.247459,22.829189,0.0,1.31005,0.504654,1.21851,0.0,0.0,0.51954,0.0,0.0,0.0,0.05096,1.31005,0.0,0.47668,0.05786,-0.0,0.219066,0.504654,0.0,0.05786,0.071374
CCGT,22.867006,2.099552,-1.588418,0.388672,-0.081924,-0.018444,2.099552,30.350249,-16.890166,0.029894,0.254532,0.016452,-1.588418,-16.890166,22.566404,0.085554,0.205312,0.120702,0.388672,0.029894,0.085554,0.241544,-0.020458,0.011622,-0.081924,0.254532,0.205312,-0.020458,0.126046,0.009396,-0.018444,0.016452,0.120702,0.011622,0.009396,0.046346
CCTA,15.462879,1.174555,1.124504,0.600892,0.358279,0.107646,1.174555,21.041745,-3.4156,0.81022,-0.120285,-0.08873,1.124504,-3.4156,19.718844,-0.311278,1.039414,0.291766,0.600892,0.81022,-0.311278,0.480536,0.014642,-0.013882,0.358279,-0.120285,1.039414,0.014642,0.401919,-0.012804,0.107646,-0.08873,0.291766,-0.013882,-0.012804,0.053434
CCTC,12.391059,-0.822776,1.408693,0.231241,0.403188,0.044469,-0.822776,15.512054,-4.424362,-0.225874,-0.098442,-0.033646,1.408693,-4.424362,15.953191,-0.042223,0.995776,0.221653,0.231241,-0.225874,-0.042223,0.471749,0.000482,0.004521,0.403188,-0.098442,0.995776,0.000482,0.323836,-0.017392,0.044469,-0.033646,0.221653,0.004521,-0.017392,0.045809
CCTG,11.22247,0.46361,-1.07931,0.14651,0.08779,-0.00833,0.46361,20.034806,-7.6793,-0.193832,-0.032864,-0.092276,-1.07931,-7.6793,17.90577,0.2301,0.25161,0.19908,0.14651,-0.193832,0.2301,0.315984,0.013178,0.000862,0.08779,-0.032864,0.25161,0.013178,0.226891,-0.012476,-0.00833,-0.092276,0.19908,0.000862,-0.012476,0.042636
CCTT,7.787671,-1.116596,2.354125,0.066794,-0.01807,0.036624,-1.116596,19.568626,-4.77767,0.095986,-0.62664,0.020096,2.354125,-4.77767,11.288715,0.14741,0.28699,0.19945,0.066794,0.095986,0.14741,0.232756,0.00729,-0.004114,-0.01807,-0.62664,0.28699,0.00729,0.26116,-0.02762,0.036624,0.020096,0.19945,-0.004114,-0.02762,0.042726
CGAA,7.107095,0.87814,-0.48842,0.65727,0.07325,0.02139,0.87814,11.21757,-3.99856,-0.03422,0.11535,-0.02928,-0.48842,-3.99856,11.944596,-0.138952,0.30149,0.10425,0.65727,-0.03422,-0.138952,0.220004,0.03531,0.00886,0.07325,0.11535,0.30149,0.03531,0.13772,-0.01106,0.02139,-0.02928,0.10425,0.00886,-0.01106,0.02261
CGAC,12.696209,0.532177,2.472851,1.072422,0.005735,0.153592,0.532177,8.310261,-1.552297,0.037586,0.073635,-0.008374,2.472851,-1.552297,11.493729,0.167488,0.182255,0.171698,1.072422,0.037586,0.167488,0.227796,0.00508,0.014586,0.005735,0.073635,0.182255,0.00508,0.094515,-0.01505,0.153592,-0.008374,0.171698,0.014586,-0.01505,0.034636
CGAG,20.474999,-0.415038,0.718499,1.44153,-0.834055,0.313264,-0.415038,18.724596,-6.952438,-0.06862,-0.54627,0.032802,0.718499,-6.952438,20.662479,0.38724,0.978965,0.149014,1.44153,-0.06862,0.38724,0.41326,0.01501,0.01614,-0.834055,-0.54627,0.978965,0.01501,0.495705,-0.06319,0.313264,0.032802,0.149014,0.01614,-0.06319,0.061004
CGAT,15.959005,-2.02866,-0.453255,1.07187,-0.14656,0.098785,-2.02866,16.268404,-5.87741,-0.112802,0.252596,-0.176464,-0.453255,-5.87741,20.555335,-0.05006,0.1713,0.291375,1.07187,-0.112802,-0.05006,0.294766,0.004692,0.015822,-0.14656,0.252596,0.1713,0.004692,0.253264,-0.012066,0.098785,-0.176464,0.291375,0.015822,-0.012066,0.046729
CGCA,8.307934,-0.937622,0.856648,0.696938,0.047436,0.037856,-0.937622,4.876751,-2.280264,-0.204989,-0.065243,-0.102348,0.856648,-2.280264,6.392326,0.096526,0.052272,0.200322,0.696938,-0.204989,0.096526,0.268671,0.021067,-0.007338,0.047436,-0.065243,0.052272,0.021067,0.032009,-0.011566,0.037856,-0.102348,0.200322,-0.007338,-0.011566,0.026104
CGCC,12.051214,-1.012714,2.848772,1.050696,-0.005296,0.08677,-1.012714,24.569029,-0.502982,0.158224,-0.660254,-0.271355,2.848772,-0.502982,20.291456,0.482018,0.474882,0.17875,1.050696,0.158224,0.482018,0.335954,-0.014504,0.02074,-0.005296,-0.660254,0.474882,-0.014504,0.194804,-0.01627,0.08677,-0.271355,0.17875,0.02074,-0.01627,0.039895
CGCG,13.97819,-0.0,0.0,0.54218,0.0,0.0,-0.0,11.878884,-5.054924,-0.0,-0.152524,-0.123614,0.0,-5.054924,17.009499,0.0,0.720684,0.029799,0.54218,-0.0,0.0,0.39901,0.0,-0.0,0.0,-0.152524,0.720684,0.0,0.161134,-0.049666,0.0,-0.123614,0.029799,-0.0,-0.049666,0.088279
CGCT,15.761456,0.175002,0.433826,1.091314,-0.065184,0.01547,0.175002,9.064499,-2.565023,-0.050217,-0.298918,-0.063945,0.433826,-2.565023,9.675711,0.075369,0.442026,0.111545,1.091314,-0.050217,0.075369,0.308181,0.004264,5.5e-05,-0.065184,-0.298918,0.442026,0.004264,0.161006,-0.02284,0.01547,-0.063945,0.111545,5.5e-05,-0.02284,0.035835
CGGA,15.947619,5.506913,-1.938619,1.733665,0.026896,-0.072394,5.506913,16.781771,-2.044033,0.991045,0.106302,-0.089178,-1.938619,-2.044033,13.117279,-0.341825,0.524414,0.081364,1.733665,0.991045,-0.341825,0.511505,0.08507,-0.02813,0.026896,0.106302,0.524414,0.08507,0.271604,-0.019566,-0.072394,-0.089178,0.081364,-0.02813,-0.019566,0.034814
CGGC,17.393476,-1.644308,-2.068186,1.296054,0.071364,-0.053444,-1.644308,17.712364,-3.130022,-0.343692,-0.170422,-0.101768,-2.068186,-3.130022,11.588236,-0.357134,0.663526,0.172994,1.296054,-0.343692,-0.357134,0.349311,-0.037284,0.014904,0.071364,-0.170422,0.663526,-0.037284,0.333056,-0.040116,-0.053444,-0.101768,0.172994,0.014904,-0.040116,0.048186
CGGG,20.453374,0.395742,-1.909938,1.378498,-0.481246,-0.076976,0.395742,12.754576,-2.838954,0.104884,-0.086228,-0.072438,-1.909938,-2.838954,16.135621,-0.143611,0.346437,0.237322,1.378498,0.104884,-0.143611,0.386161,-0.031097,0.016088,-0.481246,-0.086228,0.346437,-0.031097,0.337779,-0.038546,-0.076976,-0.072438,0.237322,0.016088,-0.038546,0.059024
CGGT,25.396909,-6.82593,4.167566,0.882332,0.419198,0.024644,-6.82593,26.5512,-10.44403,0.03705,-0.97878,0.18549,4.167566,-10.44403,28.091544,-0.200682,1.067002,0.269686,0.882332,0.03705,-0.200682,0.507056,0.030944,-0.003398,0.419198,-0.97878,1.067002,0.030944,0.342976,-0.050012,0.024644,0.18549,0.269686,-0.003398,-0.050012,0.070034
CGTA,10.431791,-2.061271,-1.329975,0.038764,0.438288,-0.032536,-2.061271,15.378401,-2.661505,0.123266,-0.805658,-0.285474,-1.329975,-2.661505,15.873925,-0.00439,-0.33334,0.40144,0.038764,0.123266,-0.00439,0.267176,-0.087798,0.007226,0.438288,-0.805658,-0.33334,-0.087798,0.420324,-0.033158,-0.032536,-0.285474,0.40144,0.007226,-0.033158,0.055756
CGTC,8.223414,0.113588,1.581066,0.621268,0.025972,-0.000512,0.113588,5.754201,-1.816513,-0.071559,0.094904,-0.081644,1.581066,-1.816513,10.989449,0.215767,0.209628,0.091162,0.621268,-0.071559,0.215767,0.323911,0.015584,0.001316,0.025972,0.094904,0.209628,0.015584,0.075526,-0.013896,-0.000512,-0.081644,0.091162,0.001316,-0.013896,0.025946
CGTG,9.842601,0.910417,-1.77207,0.365769,-0.081104,-0.09108,0.910417,14.734039,-1.01126,-0.001597,-0.102688,-0.17988,-1.77207,-1.01126,14.67513,0.11457,0.30406,0.2836,0.365769,-0.001597,0.11457,0.222561,0.016494,-0.00127,-0.081104,-0.102688,0.30406,0.016494,0.094106,-0.01441,-0.09108,-0.17988,0.2836,-0.00127,-0.01441,0.045
CGTT,11.194546,-0.390604,-0.221552,0.411028,0.145804,-0.014114,-0.390604,18.718466,-3.734012,0.031248,-0.053016,-0.369484,-0.221552,-3.734012,13.328619,0.096574,0.520917,-0.042462,0.411028,0.031248,0.096574,0.237194,0.015122,0.001378,0.145804,-0.053016,0.520917,0.015122,0.202681,-0.031676,-0.014114,-0.369484,-0.042462,0.001378,-0.031676,0.045386
CTAA,12.164404,-0.281834,-0.626174,1.105608,0.008484,0.01852,-0.281834,32.483219,-16.868151,0.047947,-2.051234,0.11221,-0.626174,-16.868151,24.773549,0.046717,2.030096,0.01789,1.105608,0.047947,0.046717,0.462331,-0.014482,-0.00081,0.008484,-2.051234,2.030096,-0.014482,0.508604,-0.02355,0.01852,0.11221,0.01789,-0.00081,-0.02355,0.03897
CTAC,16.161695,0.922705,-0.14339,0.49049,0.034055,0.038125,0.922705,64.517839,-33.114306,-0.569696,-4.774603,-0.007767,-0.14339,-33.114306,41.526114,0.352794,4.195302,0.501458,0.49049,-0.569696,0.352794,0.415964,0.092092,-0.002192,0.034055,-4.774603,4.195302,0.092092,0.960971,0.038069,0.038125,-0.007767,0.501458,-0.002192,0.038069,0.064171
CTAG,19.80013,-0.0,0.0,1.97969,0.0,0.0,-0.0,50.324786,-16.62511,0.0,-2.857966,0.04874,0.0,-16.62511,25.512265,0.0,2.25402,0.186615,1.97969,0.0,0.0,0.77756,0.0,0.0,0.0,-2.857966,2.25402,0.0,0.509986,-0.00054,0.0,0.04874,0.186615,0.0,-0.00054,0.041495
CTAT,10.824766,1.395432,1.472312,0.152338,-0.234276,0.03222,1.395432,39.716859,-21.852291,-0.320089,-1.928332,-0.32566,1.472312,-21.852291,35.515109,0.190721,2.837578,0.39205,0.152338,-0.320089,0.190721,0.320699,-0.003918,0.01753,-0.234276,-1.928332,2.837578,-0.003918,0.664346,0.002,0.03222,-0.32566,0.39205,0.01753,0.002,0.0604
CTCA,18.281756,1.51712,0.15559,1.398274,0.021304,0.020816,1.51712,20.818435,-2.240305,0.23405,-0.342685,-0.086305,0.15559,-2.240305,17.264725,0.28234,1.109745,0.152175,1.398274,0.23405,0.28234,0.417846,0.051866,0.014384,0.021304,-0.342685,1.109745,0.051866,0.358721,-0.013051,0.020816,-0.086305,0.152175,0.014384,-0.013051,0.037611
CTCC,18.756804,0.611044,0.026832,1.5524,0.206016,0.13243,0.611044,15.373914,-4.225918,0.13837,0.079406,-0.09818,0.026832,-4.225918,17.893891,-0.137225,0.777473,0.26402,1.5524,0.13837,-0.137225,0.509465,0.046985,-0.02177,0.206016,0.079406,0.777473,0.046985,0.354449,-0.02119,0.13243,-0.09818,0.26402,-0.02177,-0.02119,0.04655
CTCG,20.474999,0.415038,-0.718499,1.44153,0.834055,-0.313264,0.415038,18.724596,-6.952438,0.06862,-0.54627,0.032802,-0.718499,-6.952438,20.662479,-0.38724,0.978965,0.149014,1.44153,0.06862,-0.38724,0.41326,-0.01501,-0.01614,0.834055,-0.54627,0.978965,-0.01501,0.495705,-0.06319,-0.313264,0.032802,0.149014,-0.01614,-0.06319,0.061004
CTCT,13.835114,1.48533,-2.270716,1.153278,-0.2789,0.132638,1.48533,18.927195,-6.69937,0.073885,-1.17653,0.20814,-2.270716,-6.69937,15.115294,-0.372252,1.07659,-0.118182,1.153278,0.073885,-0.372252,0.380611,-0.06918,-0.000654,-0.2789,-1.17653,1.07659,-0.06918,0.44705,-0.05037,0.132638,0.20814,-0.118182,-0.000654,-0.05037,0.045886
CTGA,9.059854,-0.116992,0.445494,0.886938,0.187046,0.01198,-0.116992,15.440086,-5.764832,-0.157864,-0.485168,0.16,0.445494,-5.764832,9.432464,0.023418,0.484956,0.03617,0.886938,-0.157864,0.023418,0.308856,0.015892,0.00076,0.187046,-0.485168,0.484956,0.015892,0.307309,0.00344,0.01198,0.16,0.03617,0.00076,0.00344,0.02535
CTGC,16.832166,3.620762,-0.10384,1.592062,-0.75168,0.03376,3.620762,19.889349,-7.10605,0.660569,-1.769265,0.06836,-0.10384,-7.10605,20.65405,-0.18132,1.52341,0.36645,1.592062,0.660569,-0.18132,0.507429,-0.152645,0.00888,-0.75168,-1.769265,1.52341,-0.152645,0.522725,-0.01764,0.03376,0.06836,0.36645,0.00888,-0.01764,0.05888
CTGG,14.338884,3.740238,-0.054748,0.872124,-0.149094,0.080582,3.740238,23.257631,-13.122141,0.009263,-1.828018,-0.163911,-0.054748,-13.122141,25.350761,0.437547,2.028108,0.462561,0.872124,0.009263,0.437547,0.410059,0.029206,0.010787,-0.149094,-1.828018,2.028108,0.029206,0.690624,0.012018,0.080582,-0.163911,0.462561,0.010787,0.012018,0.066251
CTGT,18.350871,1.417597,-0.353934,0.414296,-0.126541,0.026177,1.417597,22.728299,-5.537078,0.210342,-0.447737,0.323829,-0.353934,-5.537078,14.061856,-0.145344,0.647554,0.081952,0.414296,0.210342,-0.145344,0.332326,-0.026866,0.016792,-0.126541,-0.447737,0.647554,-0.026866,0.428551,-0.022447,0.026177,0.323829,0.081952,0.016792,-0.022447,0.067719
CTTA,12.627635,3.670485,-2.87588,0.48047,-0.0649,-0.006745,3.670485,30.275281,-5.028838,0.710782,0.678214,-0.233093,-2.87588,-5.028838,23.606454,0.232454,1.083638,0.030934,0.48047,0.710782,0.232454,0.269294,-0.004472,-0.014506,-0.0649,0.678214,1.083638,-0.004472,0.253176,-0.014582,-0.006745,-0.233093,0.030934,-0.014506,-0.014582,0.038349
CTTC,9.315679,0.89241,0.837342,0.260786,-0.063937,-0.003999,0.89241,16.57693,-3.85254,-0.08082,0.12548,-0.09814,0.837342,-3.85254,10.631226,0.296128,0.091314,0.144968,0.260786,-0.08082,0.296128,0.183924,-0.036988,0.003384,-0.063937,0.12548,0.091314,-0.036988,0.093321,0.000477,-0.003999,-0.09814,0.144968,0.003384,0.000477,0.026009
CTTG,15.106804,-1.57835,-2.369132,1.05016,-0.284178,0.003188,-1.57835,19.064155,-3.07192,-0.39515,0.54492,-0.061845,-2.369132,-3.07192,17.789296,-0.60892,0.551894,0.440566,1.05016,-0.39515,-0.60892,0.43369,-0.06558,-0.02492,-0.284178,0.54492,0.551894,-0.06558,0.190866,0.005204,0.003188,-0.061845,0.440566,-0.02492,0.005204,0.056561
CTTT,7.575094,-2.385776,2.0266,0.035272,0.120664,0.01751,-2.385776,18.811349,-4.289375,0.005457,0.038314,0.00127,2.0266,-4.289375,10.296245,0.023625,0.37868,0.11331,0.035272,0.005457,0.023625,0.139191,0.017182,-0.00459,0.120664,0.038314,0.37868,0.017182,0.114494,-0.00759,0.01751,0.00127,0.11331,-0.00459,-0.00759,0.02761
GAAA,5.825824,-1.366966,0.977136,0.211298,0.121608,0.02461,-1.366966,23.254024,-6.935334,-0.126662,-0.141622,-0.01577,0.977136,-6.935334,12.757504,0.045932,0.488102,0.06832,0.211298,-0.126662,0.045932,0.164781,0.007361,0.002605,0.121608,-0.141622,0.488102,0.007361,0.133621,-0.002265,0.02461,-0.01577,0.06832,0.002605,-0.002265,0.023095
GAAC,8.022271,-1.069084,-0.482458,0.086726,0.039024,-0.009383,-1.069084,14.730646,-4.197168,-0.070814,0.267194,0.054852,-0.482458,-4.197168,10.720964,0.097962,0.299578,0.152044,0.086726,-0.070814,0.097962,0.159966,0.005904,-0.003058,0.039024,0.267194,0.299578,0.005904,0.116146,0.006968,-0.009383,0.054852,0.152044,-0.003058,0.006968,0.025989
GAAG,9.315679,-0.89241,-0.837342,0.260786,0.063937,0.003999,-0.89241,16.57693,-3.85254,0.08082,0.12548,-0.09814,-0.837342,-3.85254,10.631226,-0.296128,0.091314,0.144968,0.260786,0.08082,-0.296128,0.183924,0.036988,-0.003384,0.063937,0.12548,0.091314,0.036988,0.093321,0.000477,0.003999,-0.09814,0.144968,-0.003384,0.000477,0.026009
GAAT,10.239466,1.54202,-2.88118,0.288354,-0.05769,0.025582,1.54202,24.53832,-7.85524,0.2698,-0.22851,0.04146,-2.88118,-7.85524,15.22645,-0.14415,0.42622,-0.02663,0.288354,0.2698,-0.14415,0.169121,-0.00519,-0.002737,-0.05769,-0.22851,0.42622,-0.00519,0.14231,-0.00819,0.025582,0.04146,-0.02663,-0.002737,-0.00819,0.023909
GACA,11.749519,0.30736,-0.565958,0.215438,-0.224729,-0.046397,0.30736,15.2864,-3.5253,-0.10646,-0.15657,-0.19958,-0.565958,-3.5253,13.392816,-0.097916,0.573038,0.145944,0.215438,-0.10646,-0.097916,0.389896,-0.004828,-0.003334,-0.224729,-0.15657,0.573038,-0.004828,0.179629,-0.011483,-0.046397,-0.19958,0.145944,-0.003334,-0.011483,0.042301
GACC,9.467695,0.824875,-0.049485,-0.076555,-0.24053,-0.070225,0.824875,7.383049,-1.412287,0.080487,0.056914,-0.084001,-0.049485,-1.412287,8.722831,-0.083451,-0.042302,0.067223,-0.076555,0.080487,-0.083451,0.357291,0.018472,0.005817,-0.24053,0.056914,-0.042302,0.018472,0.127004,-0.007646,-0.070225,-0.084001,0.067223,0.005817,-0.007646,0.029449
GACG,8.223414,-0.113588,-1.581066,0.621268,-0.025972,0.000512,-0.113588,5.754201,-1.816513,0.071559,0.094904,-0.081644,-1.581066,-1.816513,10.989449,-0.215767,0.209628,0.091162,0.621268,0.071559,-0.215767,0.323911,-0.015584,-0.001316,-0.025972,0.094904,0.209628,-0.015584,0.075526,-0.013896,0.000512,-0.081644,0.091162,-0.001316,-0.013896,0.025946
GACT,7.851941,1.038332,-0.285599,-0.00482,0.033634,0.048055,1.038332,12.369034,-2.372968,-0.60951,-0.122842,-0.19473,-0.285599,-2.372968,11.837771,-0.21704,0.401054,0.110395,-0.00482,-0.60951,-0.21704,0.39529,-0.0048,0.00755,0.033634,-0.122842,0.401054,-0.0048,0.113996,-0.01433,0.048055,-0.19473,0.110395,0.00755,-0.01433,0.025705
GAGA,15.610111,-2.258613,0.434721,-0.183002,0.211995,0.104214,-2.258613,18.797019,-2.485973,0.354116,0.053245,0.158098,0.434721,-2.485973,15.802831,-0.170562,0.613845,0.236634,-0.183002,0.354116,-0.170562,0.412634,0.00109,-0.000928,0.211995,0.053245,0.613845,0.00109,0.311195,-0.01809,0.104214,0.158098,0.236634,-0.000928,-0.01809,0.062546
GAGC,15.764686,-1.057388,-2.496076,0.43957,0.080572,-0.212876,-1.057388,20.317449,-4.639517,0.3818,-0.761866,0.074353,-2.496076,-4.639517,12.008361,-0.21035,0.724228,0.231851,0.43957,0.3818,-0.21035,0.56333,-0.05555,-0.00225,0.080572,-0.761866,0.724228,-0.05555,0.259764,-0.020132,-0.212876,0.074353,0.231851,-0.00225,-0.020132,0.070441
GAGG,12.391059,0.822776,-1.408693,0.231241,-0.403188,-0.044469,0.822776,15.512054,-4.424362,0.225874,-0.098442,-0.033646,-1.408693,-4.424362,15.953191,0.042223,0.995776,0.221653,0.231241,0.225874,0.042223,0.471749,-0.000482,-0.004521,-0.403188,-0.098442,0.995776,-0.000482,0.323836,-0.017392,-0.044469,-0.033646,0.221653,-0.004521,-0.017392,0.045809
GAGT,18.052394,-5.285694,0.180238,0.078832,0.524584,0.015182,-5.285694,19.119994,-4.471168,0.191608,-0.684384,-0.084762,0.180238,-4.471168,13.179491,0.205444,0.632428,0.099914,0.078832,0.191608,0.205444,0.309356,-0.026078,0.002676,0.524584,-0.684384,0.632428,-0.026078,0.292164,-0.005298,0.015182,-0.084762,0.099914,0.002676,-0.005298,0.034926
GATA,8.396786,-1.195004,0.02032,0.033554,-0.00054,0.0054,-1.195004,17.475136,-3.39751,-0.135036,0.19958,-0.19001,0.02032,-3.39751,16.22751,0.04621,0.15363,0.06772,0.033554,-0.135036,0.04621,0.220756,-0.00548,0.00035,-0.00054,0.19958,0.15363,-0.00548,0.083395,-0.00974,0.0054,-0.19001,0.06772,0.00035,-0.00974,0.02784
GATC,5.46637,0.0,0.0,0.11142,-0.0,0.0,0.0,10.381201,-2.486527,0.0,-0.081179,-0.129606,0.0,-2.486527,8.719929,0.0,0.076663,0.116502,0.11142,0.0,0.0,0.16964,-0.0,0.0,-0.0,-0.081179,0.076663,-0.0,0.042231,-0.006526,0.0,-0.129606,0.116502,0.0,-0.006526,0.024676
GATG,4.146824,0.234434,-0.08112,0.277496,0.003368,-0.00828,0.234434,8.359904,-2.48268,0.015686,-0.024402,-0.05929,-0.08112,-2.48268,4.295335,0.01964,0.009225,0.058285,0.277496,0.015686,0.01964,0.123954,0.001402,-0.00128,0.003368,-0.024402,0.009225,0.001402,0.023111,-0.003195,-0.00828,-0.05929,0.058285,-0.00128,-0.003195,0.011415
GATT,5.613474,-0.104824,-0.02681,0.288492,-0.037486,-0.002372,-0.104824,15.227439,-4.87806,0.052063,0.057106,-0.223493,-0.02681,-4.87806,10.87883,-0.08256,0.12342,0.14895,0.288492,0.052063,-0.08256,0.189911,-0.001558,0.000939,-0.037486,0.057106,0.12342,-0.001558,0.073404,-0.010632,-0.002372,-0.223493,0.14895,0.000939,-0.010632,0.026281
GCAA,16.172761,-1.004261,0.63533,1.450779,0.08619,0.121698,-1.004261,22.833031,-8.639,-0.116519,-0.67826,-0.008348,0.63533,-8.639,20.6597,0.00393,1.24736,0.31165,1.450779,-0.116519,0.00393,0.435571,0.02012,0.012752,0.08619,-0.67826,1.24736,0.02012,0.40559,-0.01205,0.121698,-0.008348,0.31165,0.012752,-0.01205,0.057564
GCAC,17.300911,-0.219795,-0.606524,0.514388,-0.204511,-0.011942,-0.219795,30.658325,-11.05739,-0.33114,-1.305055,0.29953,-0.606524,-11.05739,23.817856,-0.138342,1.084144,0.203028,0.514388,-0.33114,-0.138342,0.348274,-0.004308,0.009304,-0.204511,-1.305055,1.084144,-0.004308,0.328001,-0.008688,-0.011942,0.29953,0.203028,0.009304,-0.008688,0.068504
GCAG,16.832166,-3.620762,0.10384,1.592062,0.75168,-0.03376,-3.620762,19.889349,-7.10605,-0.660569,-1.769265,0.06836,0.10384,-7.10605,20.65405,0.18132,1.52341,0.36645,1.592062,-0.660569,0.18132,0.507429,0.152645,-0.00888,0.75168,-1.769265,1.52341,0.152645,0.522725,-0.01764,-0.03376,0.06836,0.36645,-0.00888,-0.01764,0.05888
GCAT,6.542614,-1.033632,0.820932,0.310198,0.051526,-0.012914,-1.033632,15.686081,-3.689541,0.220371,-0.480603,0.104447,0.820932,-3.689541,7.669511,0.081289,0.164923,0.010253,0.310198,0.220371,0.081289,0.177571,-0.037293,-0.001863,0.051526,-0.480603,0.164923,-0.037293,0.139409,-0.002391,-0.012914,0.104447,0.010253,-0.001863,-0.002391,0.026319
GCCA,19.058024,0.77185,1.664826,1.802106,0.110296,0.071466,0.77185,17.590595,-2.6537,-0.37683,-0.313365,0.135065,1.664826,-2.6537,12.725784,0.140074,0.185574,0.127974,1.802106,-0.37683,0.140074,0.546074,-0.000946,-0.000296,0.110296,-0.313365,0.185574,-0.000946,0.365139,-0.035391,0.071466,0.135065,0.127974,-0.000296,-0.035391,0.043129
GCCC,18.135434,-0.351066,1.618078,0.976488,0.201828,0.090642,-0.351066,17.612259,-4.443472,-0.166042,-0.483472,-0.024638,1.618078,-4.443472,15.593556,0.223326,0.577966,0.265334,0.976488,-0.166042,0.223326,0.439766,0.043226,-0.009406,0.201828,-0.483472,0.577966,0.043226,0.321746,-0.036186,0.090642,-0.024638,0.265334,-0.009406,-0.036186,0.053426
GCCG,17.393476,1.644308,2.068186,1.296054,-0.071364,0.053444,1.644308,17.712364,-3.130022,0.343692,-0.170422,-0.101768,2.068186,-3.130022,11.588236,0.357134,0.663526,0.172994,1.296054,0.343692,0.357134,0.349311,0.037284,-0.014904,-0.071364,-0.170422,0.663526,0.037284,0.333056,-0.040116,0.053444,-0.101768,0.172994,-0.014904,-0.040116,0.048186
GCCT,15.620545,-2.1665,0.74673,1.026635,0.195475,-0.06741,-2.1665,19.373076,-6.71187,-0.078432,-0.576092,0.008146,0.74673,-6.71187,17.26142,0.02501,0.7978,0.21464,1.026635,-0.078432,0.02501,0.393849,-0.005151,0.009128,0.195475,-0.576092,0.7978,-0.005151,0.358909,-0.021482,-0.06741,0.008146,0.21464,0.009128,-0.021482,0.052976
GCGA,23.909276,-0.526346,-0.082084,2.36481,0.078546,0.00047,-0.526346,17.548646,-1.363786,0.12254,-0.225546,0.22852,-0.082084,-1.363786,4.932101,0.00244,0.126596,0.07872,2.36481,0.12254,0.00244,0.51523,-0.00442,0.00418,0.078546,-0.225546,0.126596,-0.00442,0.243086,-0.03126,0.00047,0.22852,0.07872,0.00418,-0.03126,0.0496
GCGC,35.87418,0.0,-0.0,2.42394,0.0,0.0,0.0,14.807264,-1.062174,-0.0,-0.074862,0.11722,-0.0,-1.062174,13.351599,-0.0,0.533367,0.172625,2.42394,-0.0,-0.0,0.50626,0.0,0.0,0.0,-0.074862,0.533367,0.0,0.375071,-0.057075,0.0,0.11722,0.172625,0.0,-0.057075,0.059365
GCGG,23.574824,-0.263376,-0.208032,0.915926,0.047802,-0.037842,-0.263376,26.584369,-11.665147,0.017711,-0.062028,0.296943,-0.208032,-11.665147,21.891671,-0.008003,0.341814,0.244741,0.915926,0.017711,-0.008003,0.281229,-0.003232,0.004177,0.047802,-0.062028,0.341814,-0.003232,0.164506,0.027164,-0.037842,0.296943,0.244741,0.004177,0.027164,0.071161
GCGT,23.153949,-3.709607,0.87105,1.944563,-0.446373,0.201272,-3.709607,26.666811,-4.85779,-0.302299,0.113139,0.318484,0.87105,-4.85779,11.66062,0.12759,0.45898,0.23977,1.944563,-0.302299,0.12759,0.427911,-0.024431,0.023264,-0.446373,0.113139,0.45898,-0.024431,0.260911,-0.035274,0.201272,0.318484,0.23977,0.023264,-0.035274,0.083256
GCTA,19.686951,-2.980499,-2.306994,0.72308,0.092438,-0.035422,-2.980499,28.007761,-7.637654,-0.68469,-0.175182,-0.066072,-2.306994,-7.637654,18.466196,0.10619,0.457998,0.075948,0.72308,-0.68469,0.10619,0.47693,0.08722,-0.00899,0.092438,-0.175182,0.457998,0.08722,0.236914,-0.017096,-0.035422,-0.066072,0.075948,-0.00899,-0.017096,0.036784
GCTC,15.764686,1.057388,2.496076,0.43957,-0.080572,0.212876,1.057388,20.317449,-4.639517,-0.3818,-0.761866,0.074353,2.496076,-4.639517,12.008361,0.21035,0.724228,0.231851,0.43957,-0.3818,0.21035,0.56333,0.05555,0.00225,-0.080572,-0.761866,0.724228,0.05555,0.259764,-0.020132,0.212876,0.074353,0.231851,0.00225,-0.020132,0.070441
GCTG,11.0056,0.37667,0.15874,-0.1201,-0.02835,-0.14003,0.37667,9.547561,-1.69927,-0.02686,0.064821,-0.079327,0.15874,-1.69927,8.29758,0.21948,-0.04384,0.17418,-0.1201,-0.02686,0.21948,0.23415,0.01312,0.00928,-0.02835,0.064821,-0.04384,0.01312,0.121991,-0.012937,-0.14003,-0.079327,0.17418,0.00928,-0.012937,0.035659
GCTT,17.955045,-3.1265,-0.279725,1.304305,-0.348755,0.108805,-3.1265,13.496364,-2.263086,-0.41394,0.00771,-0.00209,-0.279725,-2.263086,15.807079,-0.000255,0.335335,0.245955,1.304305,-0.41394,-0.000255,0.403865,-0.038115,0.015365,-0.348755,0.00771,0.335335,-0.038115,0.198645,-0.019625,0.108805,-0.00209,0.245955,0.015365,-0.019625,0.035775
GGAA,11.666584,2.94525,0.408318,0.877006,-0.117456,0.050172,2.94525,21.79146,-7.13382,0.30411,0.0131,-0.17143,0.408318,-7.13382,19.915731,-0.038458,0.402333,0.314149,0.877006,0.30411,-0.038458,0.281854,-0.027864,-0.002502,-0.117456,0.0131,0.402333,-0.027864,0.187159,-0.001813,0.050172,-0.17143,0.314149,-0.002502,-0.001813,0.039981
GGAC,10.36114,1.57324,-1.25349,0.79162,-0.17582,0.04881,1.57324,12.509796,-2.327862,0.192886,0.181462,-0.026626,-1.25349,-2.327862,12.009764,0.094428,0.374356,0.159932,0.79162,0.192886,0.094428,0.232776,-0.010868,-0.003126,-0.17582,0.181462,0.374356,-0.010868,0.111329,-0.002337,0.04881,-0.026626,0.159932,-0.003126,-0.002337,0.019161
GGAG,18.756804,-0.611044,-0.026832,1.5524,-0.206016,-0.13243,-0.611044,15.373914,-4.225918,-0.13837,0.079406,-0.09818,-0.026832,-4.225918,17.893891,0.137225,0.777473,0.26402,1.5524,-0.13837,0.137225,0.509465,-0.046985,0.02177,-0.206016,0.079406,0.777473,-0.046985,0.354449,-0.02119,-0.13243,-0.09818,0.26402,0.02177,-0.02119,0.04655
GGAT,10.003909,-1.184639,-0.860152,0.310401,0.098077,-0.101468,-1.184639,18.225029,-4.954098,0.117839,0.122413,-0.195672,-0.860152,-4.954098,17.046926,-0.108638,0.157034,0.375274,0.310401,0.117839,-0.108638,0.224929,-0.000747,0.004448,0.098077,0.122413,0.157034,-0.000747,0.129361,-0.005154,-0.101468,-0.195672,0.375274,0.004448,-0.005154,0.049936
GGCA,19.524919,0.694036,-0.905778,1.577616,-0.05814,-0.0511,0.694036,15.160504,-7.705082,-0.184426,-0.61616,-0.22379,-0.905778,-7.705082,17.578586,-0.046822,0.51765,0.39372,1.577616,-0.184426,-0.046822,0.445164,-0.00295,5e-05,-0.05814,-0.61616,0.51765,-0.00295,0.25295,-0.03916,-0.0511,-0.22379,0.39372,5e-05,-0.03916,0.05751
GGCC,13.43216,0.0,0.0,1.34739,0.0,-0.0,0.0,13.235176,-4.432428,0.0,-0.276852,-0.133684,0.0,-4.432428,15.470594,0.0,0.614966,0.310372,1.34739,0.0,0.0,0.41147,0.0,0.0,0.0,-0.276852,0.614966,0.0,0.320234,-0.009612,-0.0,-0.133684,0.310372,0.0,-0.009612,0.032921
GGCG,12.051214,1.012714,-2.848772,1.050696,0.005296,-0.08677,1.012714,24.569029,-0.502982,-0.158224,-0.660254,-0.271355,-2.848772,-0.502982,20.291456,-0.482018,0.474882,0.17875,1.050696,-0.158224,-0.482018,0.335954,0.014504,-0.02074,0.005296,-0.660254,0.474882,0.014504,0.194804,-0.01627,-0.08677,-0.271355,0.17875,-0.02074,-0.01627,0.039895
GGCT,14.688986,-0.742624,0.149168,1.062184,-0.065398,0.038502,-0.742624,11.977856,-1.282272,0.124524,-0.311548,-0.067688,0.149168,-1.282272,11.796294,0.047492,0.310926,0.066166,1.062184,0.124524,0.047492,0.469826,0.011258,-0.003812,-0.065398,-0.311548,0.310926,0.011258,0.182539,-0.025646,0.038502,-0.067688,0.066166,-0.003812,-0.025646,0.032604
GGGA,13.638151,0.435395,0.540394,1.048677,-0.126571,0.061755,0.435395,15.004245,-4.92131,0.119265,-0.463945,-0.004055,0.540394,-4.92131,13.592046,-0.014622,0.442716,0.10744,1.048677,0.119265,-0.014622,0.420159,-0.068087,-0.006135,-0.126571,-0.463945,0.442716,-0.068087,0.217641,-0.006845,0.061755,-0.004055,0.10744,-0.006135,-0.006845,0.036755
GGGC,18.135434,0.351066,-1.618078,0.976488,-0.201828,-0.090642,0.351066,17.612259,-4.443472,0.166042,-0.483472,-0.024638,-1.618078,-4.443472,15.593556,-0.223326,0.577966,0.265334,0.976488,0.166042,-0.223326,0.439766,-0.043226,0.009406,-0.201828,-0.483472,0.577966,-0.043226,0.321746,-0.036186,-0.090642,-0.024638,0.265334,0.009406,-0.036186,0.053426
GGGG,18.500554,-1.96567,2.246186,2.44618,0.12342,-0.029362,-1.96567,21.262705,-8.93524,-0.1258,-1.147315,0.0031,2.246186,-8.93524,18.984234,-0.0607,1.50638,0.152702,2.44618,-0.1258,-0.0607,0.80952,-0.02203,-0.01406,0.12342,-1.147315,1.50638,-0.02203,0.552935,-0.03191,-0.029362,0.0031,0.152702,-0.01406,-0.03191,0.049776
GGGT,17.262295,0.697805,-1.50108,1.198035,-0.781695,0.121745,0.697805,22.677131,-7.352466,0.631003,-0.814897,-0.204523,-1.50108,-7.352466,21.816866,-0.166268,0.807222,0.309208,1.198035,0.631003,-0.166268,0.474149,-0.142141,-0.014929,-0.781695,-0.814897,0.807222,-0.142141,0.561549,-0.052689,0.121745,-0.204523,0.309208,-0.014929,-0.052689,0.068569
GGTA,11.886439,-0.130426,-0.054917,0.565504,-0.110854,0.022038,-0.130426,14.536454,-2.202212,-0.148836,0.031306,-0.220102,-0.054917,-2.202212,11.030521,-0.209402,0.158382,0.130716,0.565504,-0.148836,-0.209402,0.266204,-0.018094,0.007868,-0.110854,0.031306,0.158382,-0.018094,0.165934,-0.016858,0.022038,-0.220102,0.130716,0.007868,-0.016858,0.041006
GGTC,9.467695,-0.824875,0.049485,-0.076555,0.24053,0.070225,-0.824875,7.383049,-1.412287,-0.080487,0.056914,-0.084001,0.049485,-1.412287,8.722831,0.083451,-0.042302,0.067223,-0.076555,-0.080487,0.083451,0.357291,-0.018472,-0.005817,0.24053,0.056914,-0.042302,-0.018472,0.127004,-0.007646,0.070225,-0.084001,0.067223,-0.005817,-0.007646,0.029449
GGTG,12.730221,1.986108,2.643596,0.332001,0.37832,-0.133527,1.986108,11.462434,-1.087022,-0.030632,0.03945,-0.152796,2.643596,-1.087022,14.910246,-0.002704,0.31894,0.164888,0.332001,-0.030632,-0.002704,0.297071,0.03328,-0.028047,0.37832,0.03945,0.31894,0.03328,0.16979,-0.03463,-0.133527,-0.152796,0.164888,-0.028047,-0.03463,0.057659
GGTT,12.230139,-1.069373,1.589425,0.239199,0.190277,0.020725,-1.069373,11.622641,-3.902395,-0.207323,-0.144969,-0.239105,1.589425,-3.902395,13.044925,0.110025,0.709155,0.269935,0.239199,-0.207323,0.110025,0.360149,0.001827,-0.005755,0.190277,-0.144969,0.709155,0.001827,0.246451,-0.004675,0.020725,-0.239105,0.269935,-0.005755,-0.004675,0.050755
GTAA,13.700535,2.138025,-0.12925,0.734595,0.17635,0.04259,2.138025,46.051859,-26.434206,0.076713,-2.130744,0.049218,-0.12925,-26.434206,39.641514,0.009738,2.521716,0.295928,0.734595,0.076713,0.009738,0.403221,0.009772,-0.002064,0.17635,-2.130744,2.521716,0.009772,0.654284,0.017692,0.04259,0.049218,0.295928,-0.002064,0.017692,0.053646
GTAC,14.55995,0.0,0.0,0.45614,0.0,0.0,0.0,75.215241,-27.69594,-0.0,-6.850889,0.315193,0.0,-27.69594,35.85354,-0.0,4.28475,0.3365,0.45614,-0.0,-0.0,0.52176,-0.0,0.0,0.0,-6.850889,4.28475,-0.0,1.180111,0.024263,0.0,0.315193,0.3365,0.0,0.024263,0.055659
GTAG,16.161695,-0.922705,0.14339,0.49049,-0.034055,-0.038125,-0.922705,64.517839,-33.114306,0.569696,-4.774603,-0.007767,0.14339,-33.114306,41.526114,-0.352794,4.195302,0.501458,0.49049,0.569696,-0.352794,0.415964,-0.092092,0.002192,-0.034055,-4.774603,4.195302,-0.092092,0.960971,0.038069,-0.038125,-0.007767,0.501458,0.002192,0.038069,0.064171
GTAT,16.445246,0.255546,-1.15243,0.238618,-0.14081,-0.024348,0.255546,21.224496,-8.44017,0.102298,-1.39887,0.090012,-1.15243,-8.44017,21.67047,-0.2064,1.4762,0.11145,0.238618,0.102298,-0.2064,0.360984,-0.02785,0.010686,-0.14081,-1.39887,1.4762,-0.02785,0.50663,-0.0152,-0.024348,0.090012,0.11145,0.010686,-0.0152,0.051474
GTCA,10.910736,-0.231146,-1.08368,1.048952,-0.570444,-0.028836,-0.231146,15.314696,-7.46839,-0.098762,0.420544,-0.178484,-1.08368,-7.46839,13.029785,0.02255,0.136535,0.281785,1.048952,-0.098762,0.02255,0.343004,-0.124928,-0.012912,-0.570444,0.420544,0.136535,-0.124928,0.319901,-0.017481,-0.028836,-0.178484,0.281785,-0.012912,-0.017481,0.038511
GTCC,10.36114,-1.57324,1.25349,0.79162,0.17582,-0.04881,-1.57324,12.509796,-2.327862,-0.192886,0.181462,-0.026626,1.25349,-2.327862,12.009764,-0.094428,0.374356,0.159932,0.79162,-0.192886,-0.094428,0.232776,0.010868,0.003126,0.17582,0.181462,0.374356,0.010868,0.111329,-0.002337,-0.04881,-0.026626,0.159932,0.003126,-0.002337,0.019161
GTCG,12.696209,-0.532177,-2.472851,1.072422,-0.005735,-0.153592,-0.532177,8.310261,-1.552297,-0.037586,0.073635,-0.008374,-2.472851,-1.552297,11.493729,-0.167488,0.182255,0.171698,1.072422,-0.037586,-0.167488,0.227796,-0.00508,-0.014586,-0.005735,0.073635,0.182255,-0.00508,0.094515,-0.01505,-0.153592,-0.008374,0.171698,-0.014586,-0.01505,0.034636
GTCT,16.125755,3.159285,-0.466165,1.424045,0.116645,0.033045,3.159285,18.631271,-3.645269,0.525365,0.016349,0.014623,-0.466165,-3.645269,14.219551,-0.001155,0.337069,0.069333,1.424045,0.525365,-0.001155,0.374835,0.013405,0.005905,0.116645,0.016349,0.337069,0.013405,0.269601,-0.000443,0.033045,0.014623,0.069333,0.005905,-0.000443,0.032129
GTGA,15.529041,0.431359,3.032103,1.02065,0.054458,0.087051,0.431359,24.561721,-8.933453,-0.05564,-1.077218,0.084179,3.032103,-8.933453,22.646019,-0.00543,1.219954,0.289153,1.02065,-0.05564,-0.00543,0.36999,-0.02212,0.00149,0.054458,-1.077218,1.219954,-0.02212,0.457204,0.004768,0.087051,0.084179,0.289153,0.00149,0.004768,0.065491
GTGC,17.300911,0.219795,0.606524,0.514388,0.204511,0.011942,0.219795,30.658325,-11.05739,0.33114,-1.305055,0.29953,0.606524,-11.05739,23.817856,0.138342,1.084144,0.203028,0.514388,0.33114,0.138342,0.348274,0.004308,-0.009304,0.204511,-1.305055,1.084144,0.004308,0.328001,-0.008688,0.011942,0.29953,0.203028,-0.009304,-0.008688,0.068504
GTGG,14.524,-1.77078,0.17579,0.98003,-0.42908,0.16767,-1.77078,22.155101,-5.270343,0.187703,-0.383928,0.041658,0.17579,-5.270343,14.060829,-0.174619,0.698074,0.106706,0.98003,0.187703,-0.174619,0.381539,-0.043934,0.008974,-0.42908,-0.383928,0.698074,-0.043934,0.346264,-0.014874,0.16767,0.041658,0.106706,0.008974,-0.014874,0.051324
GTGT,13.817794,-1.214548,0.50219,0.551448,0.209426,0.027146,-1.214548,25.168606,-9.04795,0.067184,-0.594022,0.132588,0.50219,-9.04795,20.731235,-0.144885,0.929875,0.30062,0.551448,0.067184,-0.144885,0.380171,0.028457,-0.001948,0.209426,-0.594022,0.929875,0.028457,0.437169,0.005634,0.027146,0.132588,0.30062,-0.001948,0.005634,0.071184
GTTA,13.307824,-2.820056,-0.755482,0.55246,0.07351,0.040278,-2.820056,25.300214,-8.190912,-0.08679,-0.01411,-0.153462,-0.755482,-8.190912,17.086551,-0.264685,0.201775,0.173626,0.55246,-0.08679,-0.264685,0.381655,0.002765,-0.00338,0.07351,-0.01411,0.201775,0.002765,0.157455,0.00061,0.040278,-0.153462,0.173626,-0.00338,0.00061,0.029856
GTTC,8.022271,1.069084,0.482458,0.086726,-0.039024,0.009383,1.069084,14.730646,-4.197168,0.070814,0.267194,0.054852,0.482458,-4.197168,10.720964,-0.097962,0.299578,0.152044,0.086726,0.070814,-0.097962,0.159966,-0.005904,0.003058,-0.039024,0.267194,0.299578,-0.005904,0.116146,0.006968,0.009383,0.054852,0.152044,0.003058,0.006968,0.025989
GTTG,14.360326,-2.940604,1.345608,0.079812,0.02842,0.1441,-2.940604,20.742891,-5.876057,-0.386838,0.24648,-0.02546,1.345608,-5.876057,13.217959,-0.016724,0.05054,0.12867,0.079812,-0.386838,-0.016724,0.212054,-0.0197,0.00307,0.02842,0.24648,0.05054,-0.0197,0.15343,0.00959,0.1441,-0.02546,0.12867,0.00307,0.00959,0.04915
GTTT,11.034866,-0.288582,1.242438,0.239182,0.15816,-0.033208,-0.288582,22.859354,-6.584626,-0.076654,0.53624,-0.181464,1.242438,-6.584626,11.962334,-0.027114,0.12383,0.149396,0.239182,-0.076654,-0.027114,0.191849,-0.01605,0.012074,0.15816,0.53624,0.12383,-0.01605,0.15617,-0.01603,-0.033208,-0.181464,0.149396,0.012074,-0.01603,0.038214
TAAA,7.140314,-1.380414,-0.398222,0.149488,-0.0774,0.02251,-1.380414,26.786629,-5.006248,-0.093043,0.81075,-0.05033,-0.398222,-5.006248,11.203916,-0.126104,0.19481,0.16416,0.149488,-0.093043,-0.126104,0.260211,-0.0029,-0.00564,-0.0774,0.81075,0.19481,-0.0029,0.16841,0.00551,0.02251,-0.05033,0.16416,-0.00564,0.00551,0.03029
TAAC,13.307824,2.820056,0.755482,0.55246,-0.07351,-0.040278,2.820056,25.300214,-8.190912,0.08679,-0.01411,-0.153462,0.755482,-8.190912,17.086551,0.264685,0.201775,0.173626,0.55246,0.08679,0.264685,0.381655,-0.002765,0.00338,-0.07351,-0.01411,0.201775,-0.002765,0.157455,0.00061,-0.040278,-0.153462,0.173626,0.00338,0.00061,0.029856
TAAG,12.627635,-3.670485,2.87588,0.48047,0.0649,0.006745,-3.670485,30.275281,-5.028838,-0.710782,0.678214,-0.233093,2.87588,-5.028838,23.606454,-0.232454,1.083638,0.030934,0.48047,-0.710782,-0.232454,0.269294,0.004472,0.014506,0.0649,0.678214,1.083638,0.004472,0.253176,-0.014582,0.006745,-0.233093,0.030934,0.014506,-0.014582,0.038349
TAAT,10.162961,-0.95158,0.710371,0.255923,-0.016416,-0.022171,-0.95158,34.33355,-2.34461,-0.49258,0.41566,-0.0966,0.710371,-2.34461,11.600461,-0.179967,0.203724,0.163009,0.255923,-0.49258,-0.179967,0.217309,0.004462,-0.008953,-0.016416,0.41566,0.203724,0.004462,0.116246,-0.006794,-0.022171,-0.0966,0.163009,-0.008953,-0.006794,0.035611
TACA,10.71324,1.80997,-1.58174,0.32187,-0.13974,0.01371,1.80997,18.319859,-9.62333,0.195467,0.033976,-0.238301,-1.58174,-9.62333,20.4,-0.01471,0.13302,0.32468,0.32187,0.195467,-0.01471,0.313701,-0.023622,0.006277,-0.13974,0.033976,0.13302,-0.023622,0.130564,-0.021704,0.01371,-0.238301,0.32468,0.006277,-0.021704,0.039949
TACC,11.886439,0.130426,0.054917,0.565504,0.110854,-0.022038,0.130426,14.536454,-2.202212,0.148836,0.031306,-0.220102,0.054917,-2.202212,11.030521,0.209402,0.158382,0.130716,0.565504,0.148836,0.209402,0.266204,0.018094,-0.007868,0.110854,0.031306,0.158382,0.018094,0.165934,-0.016858,-0.022038,-0.220102,0.130716,-0.007868,-0.016858,0.041006
TACG,10.431791,2.061271,1.329975,0.038764,-0.438288,0.032536,2.061271,15.378401,-2.661505,-0.123266,-0.805658,-0.285474,1.329975,-2.661505,15.873925,0.00439,-0.33334,0.40144,0.038764,-0.123266,0.00439,0.267176,0.087798,-0.007226,-0.438288,-0.805658,-0.33334,0.087798,0.420324,-0.033158,0.032536,-0.285474,0.40144,-0.007226,-0.033158,0.055756
TACT,11.193696,0.94894,-1.440646,0.458866,0.02183,-0.00471,0.94894,21.538975,-4.44045,-0.50815,0.01475,-0.48434,-1.440646,-4.44045,13.195556,0.178144,0.37015,0.15966,0.458866,-0.50815,0.178144,0.447636,0.01237,0.03437,0.02183,0.01475,0.37015,0.01237,0.14624,-0.01333,-0.00471,-0.48434,0.15966,0.03437,-0.01333,0.05357
TAGA,11.712571,0.419395,0.065446,0.79621,-0.217746,0.063266,0.419395,26.195445,-7.17549,0.29494,-0.10611,-0.09594,0.065446,-7.17549,26.728606,-0.12792,0.668774,0.359646,0.79621,0.29494,-0.12792,0.48396,0.01019,0.02426,-0.217746,-0.10611,0.668774,0.01019,0.296106,-0.018466,0.063266,-0.09594,0.359646,0.02426,-0.018466,0.053226
TAGC,19.686951,2.980499,2.306994,0.72308,-0.092438,0.035422,2.980499,28.007761,-7.637654,0.68469,-0.175182,-0.066072,2.306994,-7.637654,18.466196,-0.10619,0.457998,0.075948,0.72308,0.68469,-0.10619,0.47693,-0.08722,0.00899,-0.092438,-0.175182,0.457998,-0.08722,0.236914,-0.017096,0.035422,-0.066072,0.075948,0.00899,-0.017096,0.036784
TAGG,15.462879,-1.174555,-1.124504,0.600892,-0.358279,-0.107646,-1.174555,21.041745,-3.4156,-0.81022,-0.120285,-0.08873,-1.124504,-3.4156,19.718844,0.311278,1.039414,0.291766,0.600892,-0.81022,0.311278,0.480536,-0.014642,0.013882,-0.358279,-0.120285,1.039414,-0.014642,0.401919,-0.012804,-0.107646,-0.08873,0.291766,0.013882,-0.012804,0.053434
TAGT,19.548639,-2.564657,0.445485,0.328306,0.432305,-0.009649,-2.564657,21.083941,-5.526225,-0.350728,-0.251585,0.193537,0.445485,-5.526225,17.729125,0.47504,0.670525,-0.048335,0.328306,-0.350728,0.47504,0.394784,0.03381,-0.017506,0.432305,-0.251585,0.670525,0.03381,0.277565,-0.040235,-0.009649,0.193537,-0.048335,-0.017506,-0.040235,0.054069
TATA,8.05702,0.0,0.0,-0.05216,-0.0,0.0,0.0,13.216926,-2.822176,0.0,-0.063414,-0.166916,0.0,-2.822176,18.340291,-0.0,0.325289,0.347451,-0.05216,0.0,-0.0,0.26321,0.0,0.0,-0.0,-0.063414,0.325289,0.0,0.102231,-0.003001,0.0,-0.166916,0.347451,0.0,-0.003001,0.040461
TATC,8.396786,1.195004,-0.02032,0.033554,0.00054,-0.0054,1.195004,17.475136,-3.39751,0.135036,0.19958,-0.19001,-0.02032,-3.39751,16.22751,-0.04621,0.15363,0.06772,0.033554,0.135036,-0.04621,0.220756,0.00548,-0.00035,0.00054,0.19958,0.15363,0.00548,0.083395,-0.00974,-0.0054,-0.19001,0.06772,-0.00035,-0.00974,0.02784
TATG,8.943566,0.64646,-0.548108,-0.407706,-0.04647,0.000576,0.64646,11.932735,-2.54781,-0.06878,-0.06609,-0.153355,-0.548108,-2.54781,12.418004,0.020928,0.37807,0.052172,-0.407706,-0.06878,0.020928,0.418846,0.00654,-0.000306,-0.04647,-0.06609,0.37807,0.00654,0.12319,-0.01757,0.000576,-0.153355,0.052172,-0.000306,-0.01757,0.033551
TATT,6.55323,0.01289,-0.21901,0.10474,-0.01059,0.00358,0.01289,15.328264,-3.880794,0.068682,-0.066184,-0.177088,-0.21901,-3.880794,13.620849,-0.019627,0.252974,0.058488,0.10474,0.068682,-0.019627,0.263001,-0.003312,0.000166,-0.01059,-0.066184,0.252974,-0.003312,0.118854,-0.013362,0.00358,-0.177088,0.058488,0.000166,-0.013362,0.026556
TCAA,13.411625,2.58388,-1.52879,0.80388,-0.4973,-0.06423,2.58388,30.2721,-14.79264,0.11076,-2.19043,0.0164,-1.52879,-14.79264,23.175594,-0.294084,1.52157,0.249488,0.80388,0.11076,-0.294084,0.434294,-0.02388,-0.022288,-0.4973,-2.19043,1.52157,-0.02388,0.63505,-0.0315,-0.06423,0.0164,0.249488,-0.022288,-0.0315,0.056356
TCAC,15.529041,-0.431359,-3.032103,1.02065,-0.054458,-0.087051,-0.431359,24.561721,-8.933453,0.05564,-1.077218,0.084179,-3.032103,-8.933453,22.646019,0.00543,1.219954,0.289153,1.02065,0.05564,0.00543,0.36999,0.02212,-0.00149,-0.054458,-1.077218,1.219954,0.02212,0.457204,0.004768,-0.087051,0.084179,0.289153,-0.00149,0.004768,0.065491
TCAG,9.059854,0.116992,-0.445494,0.886938,-0.187046,-0.01198,0.116992,15.440086,-5.764832,0.157864,-0.485168,0.16,-0.445494,-5.764832,9.432464,-0.023418,0.484956,0.03617,0.886938,0.157864,-0.023418,0.308856,-0.015892,-0.00076,-0.187046,-0.485168,0.484956,-0.015892,0.307309,0.00344,-0.01198,0.16,0.03617,-0.00076,0.00344,0.02535
TCAT,22.13565,3.44206,-8.05672,0.73936,-1.60472,0.10405,3.44206,16.162179,-5.929954,-0.142604,-0.735556,0.184044,-8.05672,-5.929954,21.628474,-0.289726,2.336426,0.106146,0.73936,-0.142604,-0.289726,0.499974,-0.044354,-0.018974,-1.60472,-0.735556,2.336426,-0.044354,0.818664,-0.042556,0.10405,0.184044,0.106146,-0.018974,-0.042556,0.047524
TCCA,15.876485,0.431035,-0.119505,1.668785,0.086445,-0.043145,0.431035,14.337739,-4.095683,0.087207,0.075097,-0.056969,-0.119505,-4.095683,15.338661,-0.151589,0.279221,0.265023,1.668785,0.087207,-0.151589,0.552921,0.044431,-0.019207,0.086445,0.075097,0.279221,0.044431,0.285581,-0.035057,-0.043145,-0.056969,0.265023,-0.019207,-0.035057,0.043539
TCCC,13.638151,-0.435395,-0.540394,1.048677,0.126571,-0.061755,-0.435395,15.004245,-4.92131,-0.119265,-0.463945,-0.004055,-0.540394,-4.92131,13.592046,0.014622,0.442716,0.10744,1.048677,-0.119265,0.014622,0.420159,0.068087,0.006135,0.126571,-0.463945,0.442716,0.068087,0.217641,-0.006845,-0.061755,-0.004055,0.10744,0.006135,-0.006845,0.036755
TCCG,15.947619,-5.506913,1.938619,1.733665,-0.026896,0.072394,-5.506913,16.781771,-2.044033,-0.991045,0.106302,-0.089178,1.938619,-2.044033,13.117279,0.341825,0.524414,0.081364,1.733665,-0.991045,0.341825,0.511505,-0.08507,0.02813,-0.026896,0.106302,0.524414,-0.08507,0.271604,-0.019566,0.072394,-0.089178,0.081364,0.02813,-0.019566,0.034814
TCCT,12.471054,-0.697956,-0.615868,0.902796,0.135998,-0.023192,-0.697956,16.223924,-3.721868,-0.158534,-0.140342,-0.008052,-0.615868,-3.721868,12.511866,-0.110212,0.608874,0.079464,0.902796,-0.158534,-0.110212,0.355519,-0.027408,0.005467,0.135998,-0.140342,0.608874,-0.027408,0.266426,-0.041184,-0.023192,-0.008052,0.079464,0.005467,-0.041184,0.041581
TCGA,21.51316,0.0,0.0,0.84975,0.0,0.0,0.0,34.142331,-10.120246,-0.0,-0.549315,0.018223,0.0,-10.120246,25.962676,-0.0,0.84402,0.416322,0.84975,-0.0,-0.0,0.35825,0.0,-0.0,0.0,-0.549315,0.84402,0.0,0.475095,-0.008575,0.0,0.018223,0.416322,-0.0,-0.008575,0.117439
TCGC,23.909276,0.526346,0.082084,2.36481,-0.078546,-0.00047,0.526346,17.548646,-1.363786,-0.12254,-0.225546,0.22852,0.082084,-1.363786,4.932101,-0.00244,0.126596,0.07872,2.36481,-0.12254,-0.00244,0.51523,0.00442,-0.00418,-0.078546,-0.225546,0.126596,0.00442,0.243086,-0.03126,-0.00047,0.22852,0.07872,-0.00418,-0.03126,0.0496
TCGG,20.310034,-0.57713,1.445648,1.21864,0.110078,0.009962,-0.57713,18.543305,-9.066605,0.23774,-1.483715,-0.339455,1.445648,-9.066605,19.881931,0.08581,1.589551,0.516279,1.21864,0.23774,0.08581,0.29416,-0.02439,-0.00683,0.110078,-1.483715,1.589551,-0.02439,0.477091,0.091059,0.009962,-0.339455,0.516279,-0.00683,0.091059,0.045921
TCGT,20.197329,0.074194,-0.709842,0.683056,0.100135,-0.031331,0.074194,21.803984,-4.750722,-0.012954,0.09762,0.183874,-0.709842,-4.750722,17.785526,-0.060528,0.22267,0.203468,0.683056,-0.012954,-0.060528,0.274624,0.00542,-0.004724,0.100135,0.09762,0.22267,0.00542,0.195475,0.011085,-0.031331,0.183874,0.203468,-0.004724,0.011085,0.065449
TCTA,11.712571,-0.419395,-0.065446,0.79621,0.217746,-0.063266,-0.419395,26.195445,-7.17549,-0.29494,-0.10611,-0.09594,-0.065446,-7.17549,26.728606,0.12792,0.668774,0.359646,0.79621,-0.29494,0.12792,0.48396,-0.01019,-0.02426,0.217746,-0.10611,0.668774,-0.01019,0.296106,-0.018466,-0.063266,-0.09594,0.359646,-0.02426,-0.018466,0.053226
TCTC,15.610111,2.258613,-0.434721,-0.183002,-0.211995,-0.104214,2.258613,18.797019,-2.485973,-0.354116,0.053245,0.158098,-0.434721,-2.485973,15.802831,0.170562,0.613845,0.236634,-0.183002,-0.354116,0.170562,0.412634,-0.00109,0.000928,-0.211995,0.053245,0.613845,-0.00109,0.311195,-0.01809,-0.104214,0.158098,0.236634,0.000928,-0.01809,0.062546
TCTG,9.753291,-1.272189,1.373537,0.28727,-0.029054,0.017401,-1.272189,16.798621,-2.839153,-0.20942,-0.018564,-0.080619,1.373537,-2.839153,15.239799,-0.30631,0.384282,0.119777,0.28727,-0.20942,-0.30631,0.40956,0.01119,0.00895,-0.029054,-0.018564,0.384282,0.01119,0.218676,-0.014564,0.017401,-0.080619,0.119777,0.00895,-0.014564,0.031091
TCTT,10.038984,0.807756,0.031492,0.658258,0.115148,0.040282,0.807756,13.481399,-2.191607,0.219662,0.142942,-0.042867,0.031492,-2.191607,11.925011,0.242424,0.063724,0.192531,0.658258,0.219662,0.242424,0.315086,0.037356,0.006824,0.115148,0.142942,0.063724,0.037356,0.162636,-0.019326,0.040282,-0.042867,0.192531,0.006824,-0.019326,0.039281
TGAA,17.023355,-1.32008,3.380425,1.577865,-0.48841,0.28194,-1.32008,19.668356,-8.994756,-0.328792,0.031788,-0.349886,3.380425,-8.994756,20.255121,0.473007,-0.003048,0.425106,1.577865,-0.328792,0.473007,0.435939,-0.061026,0.051612,-0.48841,0.031788,-0.003048,-0.061026,0.313814,-0.029408,0.28194,-0.349886,0.425106,0.051612,-0.029408,0.061356
TGAC,10.910736,0.231146,1.08368,1.048952,0.570444,0.028836,0.231146,15.314696,-7.46839,0.098762,0.420544,-0.178484,1.08368,-7.46839,13.029785,-0.02255,0.136535,0.281785,1.048952,0.098762,-0.02255,0.343004,0.124928,0.012912,0.570444,0.420544,0.136535,0.124928,0.319901,-0.017481,0.028836,-0.178484,0.281785,0.012912,-0.017481,0.038511
TGAG,18.281756,-1.51712,-0.15559,1.398274,-0.021304,-0.020816,-1.51712,20.818435,-2.240305,-0.23405,-0.342685,-0.086305,-0.15559,-2.240305,17.264725,-0.28234,1.109745,0.152175,1.398274,-0.23405,-0.28234,0.417846,-0.051866,-0.014384,-0.021304,-0.342685,1.109745,-0.051866,0.358721,-0.013051,-0.020816,-0.086305,0.152175,-0.014384,-0.013051,0.037611
TGAT,13.933679,0.606582,0.119298,0.792408,0.184068,-0.084161,0.606582,13.222046,-5.675076,0.254204,0.113564,-0.205248,0.119298,-5.675076,9.772036,-0.085834,0.038566,0.156728,0.792408,0.254204,-0.085834,0.152566,0.019436,-0.001992,0.184068,0.113564,0.038566,0.019436,0.083586,-0.005112,-0.084161,-0.205248,0.156728,-0.001992,-0.005112,0.028859
TGCA,16.82811,-0.0,0.0,1.20438,-0.0,0.0,-0.0,17.744181,-5.06511,-0.0,0.11047,-0.378617,0.0,-5.06511,23.60533,0.0,0.28746,0.55005,1.20438,-0.0,0.0,0.33906,-0.0,0.0,-0.0,0.11047,0.28746,-0.0,0.26479,-0.06536,0.0,-0.378617,0.55005,0.0,-0.06536,0.073479
TGCC,19.524919,-0.694036,0.905778,1.577616,0.05814,0.0511,-0.694036,15.160504,-7.705082,0.184426,-0.61616,-0.22379,0.905778,-7.705082,17.578586,0.046822,0.51765,0.39372,1.577616,0.184426,0.046822,0.445164,0.00295,-5e-05,0.05814,-0.61616,0.51765,0.00295,0.25295,-0.03916,0.0511,-0.22379,0.39372,-5e-05,-0.03916,0.05751
TGCG,8.307934,0.937622,-0.856648,0.696938,-0.047436,-0.037856,0.937622,4.876751,-2.280264,0.204989,-0.065243,-0.102348,-0.856648,-2.280264,6.392326,-0.096526,0.052272,0.200322,0.696938,0.204989,-0.096526,0.268671,-0.021067,0.007338,-0.047436,-0.065243,0.052272,-0.021067,0.032009,-0.011566,-0.037856,-0.102348,0.200322,0.007338,-0.011566,0.026104
TGCT,13.797035,-0.97628,1.560865,0.63735,0.086535,0.124435,-0.97628,16.511634,-5.09538,0.320618,-0.396608,-0.259298,1.560865,-5.09538,14.265215,-0.19964,0.342265,0.313105,0.63735,0.320618,-0.19964,0.422336,-0.009236,-0.014236,0.086535,-0.396608,0.342265,-0.009236,0.186091,-0.019589,0.124435,-0.259298,0.313105,-0.014236,-0.019589,0.049441
TGGA,15.876485,-0.431035,0.119505,1.668785,-0.086445,0.043145,-0.431035,14.337739,-4.095683,-0.087207,0.075097,-0.056969,0.119505,-4.095683,15.338661,0.151589,0.279221,0.265023,1.668785,-0.087207,0.151589,0.552921,-0.044431,0.019207,-0.086445,0.075097,0.279221,-0.044431,0.285581,-0.035057,0.043145,-0.056969,0.265023,0.019207,-0.035057,0.043539
TGGC,19.058024,-0.77185,-1.664826,1.802106,-0.110296,-0.071466,-0.77185,17.590595,-2.6537,0.37683,-0.313365,0.135065,-1.664826,-2.6537,12.725784,-0.140074,0.185574,0.127974,1.802106,0.37683,-0.140074,0.546074,0.000946,0.000296,-0.110296,-0.313365,0.185574,0.000946,0.365139,-0.035391,-0.071466,0.135065,0.127974,0.000296,-0.035391,0.043129
TGGG,16.397951,2.642956,-0.92778,1.165474,-0.137324,-0.032076,2.642956,16.242216,-7.81774,0.200024,-0.496644,-0.088866,-0.92778,-7.81774,15.69533,-0.12162,0.21689,0.1812,1.165474,0.200024,-0.12162,0.385726,0.064954,-0.022804,-0.137324,-0.496644,0.21689,0.064954,0.451876,-0.060426,-0.032076,-0.088866,0.1812,-0.022804,-0.060426,0.048046
TGGT,15.834769,2.880307,-1.563592,0.33588,-0.123295,-0.028511,2.880307,17.769421,-7.775086,-0.11872,-0.478425,-0.039693,-1.563592,-7.775086,15.790516,0.21138,0.68153,0.170148,0.33588,-0.11872,0.21138,0.24064,0.05055,-0.00721,-0.123295,-0.478425,0.68153,0.05055,0.268175,-0.016265,-0.028511,-0.039693,0.170148,-0.00721,-0.016265,0.043279
TGTA,10.71324,-1.80997,1.58174,0.32187,0.13974,-0.01371,-1.80997,18.319859,-9.62333,-0.195467,0.033976,-0.238301,1.58174,-9.62333,20.4,0.01471,0.13302,0.32468,0.32187,-0.195467,0.01471,0.313701,0.023622,-0.006277,0.13974,0.033976,0.13302,0.023622,0.130564,-0.021704,-0.01371,-0.238301,0.32468,-0.006277,-0.021704,0.039949
TGTC,11.749519,-0.30736,0.565958,0.215438,0.224729,0.046397,-0.30736,15.2864,-3.5253,0.10646,-0.15657,-0.19958,0.565958,-3.5253,13.392816,0.097916,0.573038,0.145944,0.215438,0.10646,0.097916,0.389896,0.004828,0.003334,0.224729,-0.15657,0.573038,0.004828,0.179629,-0.011483,0.046397,-0.19958,0.145944,0.003334,-0.011483,0.042301
TGTG,12.392209,-0.50693,-0.776644,0.797815,-0.084939,-0.041088,-0.50693,13.73609,-4.12849,0.3393,0.09867,-0.26239,-0.776644,-4.12849,17.956694,-0.13865,0.189004,0.211958,0.797815,0.3393,-0.13865,0.368105,0.010705,-0.01398,-0.084939,0.09867,0.189004,0.010705,0.204479,-0.025472,-0.041088,-0.26239,0.211958,-0.01398,-0.025472,0.044376
TGTT,10.533894,1.870872,-0.10334,0.41611,0.096656,-0.012226,1.870872,14.350676,-6.33867,0.2352,-0.138872,-0.242318,-0.10334,-6.33867,16.426375,0.04785,0.343805,0.29875,0.41611,0.2352,0.04785,0.31009,0.03082,-0.01222,0.096656,-0.138872,0.343805,0.03082,0.143189,-0.009044,-0.012226,-0.242318,0.29875,-0.01222,-0.009044,0.037434
TTAA,12.39541,0.0,0.0,1.25031,-0.0,0.0,0.0,70.232816,-5.358914,0.0,-2.339384,0.677636,0.0,-5.358914,19.985301,0.0,1.172411,0.244526,1.25031,0.0,0.0,0.45192,-0.0,0.0,-0.0,-2.339384,1.172411,-0.0,0.584921,-0.001364,0.0,0.677636,0.244526,0.0,-0.001364,0.042746
TTAC,13.700535,-2.138025,0.12925,0.734595,-0.17635,-0.04259,-2.138025,46.051859,-26.434206,-0.076713,-2.130744,0.049218,0.12925,-26.434206,39.641514,-0.009738,2.521716,0.295928,0.734595,-0.076713,-0.009738,0.403221,-0.009772,0.002064,-0.17635,-2.130744,2.521716,-0.009772,0.654284,0.017692,-0.04259,0.049218,0.295928,0.002064,0.017692,0.053646
TTAG,12.164404,0.281834,0.626174,1.105608,-0.008484,-0.01852,0.281834,32.483219,-16.868151,-0.047947,-2.051234,0.11221,0.626174,-16.868151,24.773549,-0.046717,2.030096,0.01789,1.105608,-0.047947,-0.046717,0.462331,0.014482,0.00081,-0.008484,-2.051234,2.030096,0.014482,0.508604,-0.02355,-0.01852,0.11221,0.01789,0.00081,-0.02355,0.03897
TTAT,13.632644,-0.879642,1.65312,0.452658,0.040626,0.014662,-0.879642,39.099536,-23.74494,-0.007344,-0.903748,-0.301766,1.65312,-23.74494,39.316865,-0.01317,1.103135,0.47762,0.452658,-0.007344,-0.01317,0.315106,0.001302,-9.6e-05,0.040626,-0.903748,1.103135,0.001302,0.779489,-0.042482,0.014662,-0.301766,0.47762,-9.6e-05,-0.042482,0.041126
TTCA,17.023355,1.32008,-3.380425,1.577865,0.48841,-0.28194,1.32008,19.668356,-8.994756,0.328792,0.031788,-0.349886,-3.380425,-8.994756,20.255121,-0.473007,-0.003048,0.425106,1.577865,0.328792,-0.473007,0.435939,0.061026,-0.051612,0.48841,0.031788,-0.003048,0.061026,0.313814,-0.029408,-0.28194,-0.349886,0.425106,-0.051612,-0.029408,0.061356
TTCC,11.666584,-2.94525,-0.408318,0.877006,0.117456,-0.050172,-2.94525,21.79146,-7.13382,-0.30411,0.0131,-0.17143,-0.408318,-7.13382,19.915731,0.038458,0.402333,0.314149,0.877006,-0.30411,0.038458,0.281854,0.027864,0.002502,0.117456,0.0131,0.402333,0.027864,0.187159,-0.001813,-0.050172,-0.17143,0.314149,0.002502,-0.001813,0.039981
TTCG,7.107095,-0.87814,0.48842,0.65727,-0.07325,-0.02139,-0.87814,11.21757,-3.99856,0.03422,0.11535,-0.02928,0.48842,-3.99856,11.944596,0.138952,0.30149,0.10425,0.65727,0.03422,0.138952,0.220004,-0.03531,-0.00886,-0.07325,0.11535,0.30149,-0.03531,0.13772,-0.01106,-0.02139,-0.02928,0.10425,-0.00886,-0.01106,0.02261
TTCT,7.205791,0.443983,-0.720329,0.257722,-0.052949,-0.037431,0.443983,15.466569,-5.116317,-0.036854,-0.094667,-0.165993,-0.720329,-5.116317,15.808101,-0.476658,0.132391,0.187879,0.257722,-0.036854,-0.476658,0.296834,-0.020268,0.003028,-0.052949,-0.094667,0.132391,-0.020268,0.200771,-0.011991,-0.037431,-0.165993,0.187879,0.003028,-0.011991,0.038021
TTGA,13.411625,-2.58388,1.52879,0.80388,0.4973,0.06423,-2.58388,30.2721,-14.79264,-0.11076,-2.19043,0.0164,1.52879,-14.79264,23.175594,0.294084,1.52157,0.249488,0.80388,-0.11076,0.294084,0.434294,0.02388,0.022288,0.4973,-2.19043,1.52157,0.02388,0.63505,-0.0315,0.06423,0.0164,0.249488,0.022288,-0.0315,0.056356
TTGC,16.172761,1.004261,-0.63533,1.450779,-0.08619,-0.121698,1.004261,22.833031,-8.639,0.116519,-0.67826,-0.008348,-0.63533,-8.639,20.6597,-0.00393,1.24736,0.31165,1.450779,0.116519,-0.00393,0.435571,-0.02012,-0.012752,-0.08619,-0.67826,1.24736,-0.02012,0.40559,-0.01205,-0.121698,-0.008348,0.31165,-0.012752,-0.01205,0.057564
TTGG,16.092994,2.83342,-2.319232,0.809662,-0.130594,-0.046924,2.83342,43.015875,-19.512495,-1.00213,-2.247735,0.32124,-2.319232,-19.512495,27.117261,0.546294,1.725007,0.151502,0.809662,-1.00213,0.546294,0.429876,0.055178,-0.006052,-0.130594,-2.247735,1.725007,0.055178,0.558499,-0.016346,-0.046924,0.32124,0.151502,-0.006052,-0.016346,0.038704
TTGT,11.592531,-0.806263,1.726956,0.36853,0.119808,-0.116844,-0.806263,29.563739,-6.971068,0.33578,-0.837534,0.340222,1.726956,-6.971068,26.392686,-0.02121,1.344018,0.160266,0.36853,0.33578,-0.02121,0.32302,-0.04046,0.01169,0.119808,-0.837534,1.344018,-0.04046,0.572584,-0.039672,-0.116844,0.340222,0.160266,0.01169,-0.039672,0.070866
TTTA,7.140314,1.380414,0.398222,0.149488,0.0774,-0.02251,1.380414,26.786629,-5.006248,0.093043,0.81075,-0.05033,0.398222,-5.006248,11.203916,0.126104,0.19481,0.16416,0.149488,0.093043,0.126104,0.260211,0.0029,0.00564,0.0774,0.81075,0.19481,0.0029,0.16841,0.00551,-0.02251,-0.05033,0.16416,0.00564,0.00551,0.03029
TTTC,5.825575,1.36651,-0.94099,0.211215,-0.121785,-0.021355,1.36651,23.254024,-6.935334,0.126662,-0.141622,-0.01577,-0.94099,-6.935334,12.757504,-0.045932,0.488102,0.06832,0.211215,0.126662,-0.045932,0.164781,-0.007361,-0.002605,-0.121785,-0.141622,0.488102,-0.007361,0.133621,-0.002265,-0.021355,-0.01577,0.06832,-0.002605,-0.002265,0.023095
TTTG,7.592035,-0.73363,-0.046535,0.43591,0.07045,0.006195,-0.73363,18.488206,-4.5326,0.178618,0.287444,-0.12003,-0.046535,-4.5326,13.017055,0.0608,0.2811,0.120155,0.43591,0.178618,0.0608,0.243704,0.010392,-0.0032,0.07045,0.287444,0.2811,0.010392,0.149746,0.00035,0.006195,-0.12003,0.120155,-0.0032,0.00035,0.028825
TTTT,7.63191,0.73138,-0.77442,0.19865,0.14487,-0.04301,0.73138,21.456206,-4.944008,0.088958,0.642306,-0.067448,-0.77442,-4.944008,14.283334,-0.041294,0.278202,0.098104,0.19865,0.088958,-0.041294,0.152444,-0.005642,-0.002014,0.14487,0.642306,0.278202,-0.005642,0.191091,-0.000668,-0.04301,-0.067448,0.098104,-0.002014,-0.000668,0.032694
