,Count,tilt,(tilt std),roll,(roll std),twist,(twist std),shift,(shift std),slide,(slide std),rise,(rise std)
CG,5890,0.0,4.806,6.432,5.079,33.958,4.225,-0.0,0.606,0.343,0.657,3.347,0.277
CA,2945,-0.297,3.722,5.465,4.922,35.273,4.298,-0.198,0.592,0.177,0.714,3.339,0.236
TA,5442,-0.0,3.822,2.091,7.078,37.205,5.781,0.0,0.662,0.264,0.891,3.34,0.234
AG,2740,-1.965,3.371,3.367,4.408,32.344,4.161,0.087,0.599,-0.305,0.497,3.309,0.228
GG,2792,-0.717,3.976,4.575,4.315,33.409,3.996,-0.143,0.686,-0.276,0.652,3.368,0.228
AA,3040,-1.298,2.884,-0.129,4.953,35.165,3.976,-0.014,0.46,-0.25,0.421,3.245,0.188
GA,2875,-1.534,3.259,1.881,3.972,36.18,3.984,-0.288,0.478,-0.082,0.477,3.275,0.208
AT,5732,-0.0,2.621,-0.027,3.828,31.176,3.545,-0.0,0.471,-0.668,0.305,3.235,0.177
AC,2827,0.008,3.293,1.46,3.756,32.324,3.895,0.207,0.543,-0.618,0.44,3.264,0.216
GC,5430,0.0,3.784,2.454,3.913,33.822,3.965,0.0,0.607,-0.366,0.447,3.292,0.219
TT,2788,-1.358,2.798,0.056,4.854,35.344,3.652,-0.028,0.465,-0.256,0.392,3.247,0.179
GT,2513,-0.017,3.316,1.711,4.109,32.174,3.889,0.233,0.554,-0.559,0.424,3.256,0.213
CT,2439,-1.539,3.388,2.979,4.407,32.396,4.188,0.166,0.608,-0.305,0.534,3.31,0.228
TG,2615,-0.196,3.951,5.389,5.189,34.823,4.653,-0.111,0.61,0.241,0.79,3.34,0.245
TC,2637,-1.455,3.456,1.975,4.261,36.471,4.057,-0.252,0.484,-0.067,0.485,3.297,0.201
CC,2422,-0.621,4.162,4.821,4.539,33.158,4.297,-0.14,0.655,-0.271,0.645,3.351,0.24
P-prime,55713,-0.692,0.727,2.781,2.049,34.069,1.77,-0.03,0.155,-0.184,0.312,3.3,0.044
P,55127,-0.687,0.717,2.781,2.063,34.076,1.771,-0.03,0.154,-0.187,0.312,3.301,0.043
