[-0.8956,  -8.7913,  0.2410,  0.0882,  -0.1282,  -0.0038,  10.8346,  -35.3431,  -27.8730,  -3.1918,  8.8964,  -1.6662,  -1.7111,  2.9187,  32.2612,  0.1016,  -0.2292,  3.3092,  14.0684,  -33.8906,  -30.3515,  -3.3192,  8.7046,  -2.0105,  0.9716,  -7.2858,  1.1164,  -0.0967,  -0.1078,  0.0315]
[[0.0869,  0.0145,  -0.0086,  -0.1239,  -0.1185,  -0.0906,  -0.0127,  0.0018,  -0.0060,  0.0054,  -0.0435,  -0.1810,  0.0238,  -0.0141,  -0.0352,  -0.1092,  -0.2449,  -1.6438,  -0.0311,  -0.0038,  -0.0172,  0.0825,  -0.1726,  -0.3592,  -0.0690,  0.0099,  0.0055,  0.1693,  0.0244,  0.0939],  
 [0.0145,  0.0340,  0.0120,  0.0896,  0.0481,  0.0761,  -0.0059,  0.0006,  -0.0004,  -0.0399,  -0.0222,  -0.1053,  -0.0101,  0.0011,  0.0209,  0.2115,  0.0030,  -0.3906,  -0.0030,  0.0056,  0.0056,  -0.0921,  -0.0285,  0.0154,  -0.0188,  -0.0116,  -0.0140,  -0.0768,  0.0722,  -0.0453],  
 [-0.0086,  0.0120,  0.0946,  0.0686,  -0.1397,  0.0210,  0.0046,  -0.0155,  -0.0220,  0.3553,  0.0254,  -0.0237,  0.0029,  0.0044,  0.0169,  1.0382,  0.1019,  0.0360,  0.0080,  0.0180,  0.0256,  -0.3287,  0.0204,  0.1897,  0.0055,  -0.0110,  -0.0770,  -0.0773,  0.1574,  -0.0734],  
 [-0.1239,  0.0896,  0.0686,  9.1765,  -0.7813,  0.1437,  0.1268,  0.1029,  0.2040,  -2.5441,  0.8674,  1.2911,  0.0227,  0.2054,  0.9457,  -0.0072,  1.3361,  0.9852,  -0.0050,  0.1005,  0.1367,  -2.0603,  -0.2378,  0.4945,  0.1583,  0.0580,  -0.0446,  -4.1677,  2.8097,  -0.7205],  
 [-0.1185,  0.0481,  -0.1397,  -0.7813,  24.3445,  -0.0705,  -0.2357,  0.0104,  -0.0512,  -0.1726,  -2.0707,  -1.5053,  -0.1968,  0.0733,  0.2612,  2.0238,  1.1611,  -0.2424,  0.2930,  0.0567,  0.2051,  -2.0359,  2.6093,  2.2937,  -0.1629,  0.1160,  0.1662,  -2.1394,  -12.6898,  0.1623],  
 [-0.0906,  0.0761,  0.0210,  0.1437,  -0.0705,  17.9817,  -0.1430,  0.0155,  -0.0481,  0.0687,  -1.7234,  -1.7177,  -1.6554,  -0.1296,  -0.0987,  2.9352,  -1.4320,  -7.1480,  0.0146,  -0.0009,  -0.0056,  0.1404,  1.0304,  0.5068,  -0.0097,  -0.1254,  -0.1249,  1.1387,  1.9312,  -15.5965],  
 [-0.0127,  -0.0059,  0.0046,  0.1268,  -0.2357,  -0.1430,  0.0617,  0.0024,  0.0243,  -0.0169,  0.2470,  0.6097,  0.0563,  0.0088,  0.0015,  -0.0347,  0.6757,  0.2480,  -0.0016,  0.0009,  0.0020,  -0.0254,  -0.0233,  -0.0145,  0.0357,  -0.0073,  -0.0050,  0.0366,  0.3265,  0.1209],  
 [0.0018,  0.0006,  -0.0155,  0.1029,  0.0104,  0.0155,  0.0024,  0.0143,  0.0147,  -0.2002,  -0.0202,  0.0828,  -0.0052,  0.0049,  0.0235,  -0.2533,  0.0238,  -0.0253,  -0.0012,  -0.0020,  -0.0020,  0.0163,  0.0146,  -0.0207,  -0.0003,  0.0067,  0.0159,  -0.0814,  0.0244,  -0.0260],  
 [-0.0060,  -0.0004,  -0.0220,  0.2040,  -0.0512,  -0.0481,  0.0243,  0.0147,  0.0417,  -0.4456,  -0.0164,  0.3260,  0.0063,  0.0066,  0.0383,  -0.4077,  0.2143,  0.1625,  0.0000,  -0.0021,  -0.0035,  0.0408,  0.0436,  -0.0085,  0.0117,  0.0052,  0.0254,  -0.1020,  0.1706,  0.0131],  
 [0.0054,  -0.0399,  0.3553,  -2.5441,  -0.1726,  0.0687,  -0.0169,  -0.2002,  -0.4456,  6.9399,  0.5832,  -1.0383,  0.1969,  -0.0506,  -0.5659,  6.2029,  0.3245,  -1.0961,  -0.0018,  0.0263,  0.0484,  -0.7288,  -0.2528,  -0.0451,  0.0179,  -0.1107,  -0.3975,  1.7729,  -1.2040,  0.2378],  
 [-0.0435,  -0.0222,  0.0254,  0.8674,  -2.0707,  -1.7234,  0.2470,  -0.0202,  -0.0164,  0.5832,  4.6617,  2.0514,  0.4348,  0.0443,  0.0206,  -0.8531,  2.9139,  1.7963,  -0.0241,  0.0296,  0.0465,  -0.1483,  -1.7668,  0.2473,  0.2008,  -0.0418,  -0.0271,  0.2487,  2.3694,  1.5667],  
 [-0.1810,  -0.1053,  -0.0237,  1.2911,  -1.5053,  -1.7177,  0.6097,  0.0828,  0.3260,  -1.0383,  2.0514,  7.5921,  0.6279,  0.1445,  0.1264,  -0.9031,  5.8014,  3.0073,  -0.0137,  -0.0042,  0.0082,  -0.1894,  0.1340,  -0.3701,  0.3848,  -0.0253,  0.0333,  -0.0317,  2.5702,  1.3139],  
 [0.0238,  -0.0101,  0.0029,  0.0227,  -0.1968,  -1.6554,  0.0563,  -0.0052,  0.0063,  0.1969,  0.4348,  0.6279,  0.3605,  0.0229,  0.0026,  -0.2838,  0.3357,  -0.3791,  -0.0370,  0.0003,  -0.0084,  -0.0716,  -0.3361,  -0.4908,  0.0036,  0.0112,  -0.0038,  -0.1031,  0.0166,  1.6762],  
 [-0.0141,  0.0011,  0.0044,  0.2054,  0.0733,  -0.1296,  0.0088,  0.0049,  0.0066,  -0.0506,  0.0443,  0.1445,  0.0229,  0.0831,  0.0531,  0.0969,  0.1477,  0.3684,  0.0053,  0.0061,  0.0113,  -0.1256,  0.0187,  0.1246,  0.0149,  0.0081,  -0.0127,  -0.1961,  0.0570,  0.2090],  
 [-0.0352,  0.0209,  0.0169,  0.9457,  0.2612,  -0.0987,  0.0015,  0.0235,  0.0383,  -0.5659,  0.0206,  0.1264,  0.0026,  0.0531,  0.2577,  0.1946,  -0.0852,  0.2793,  0.0133,  0.0269,  0.0437,  -0.5752,  0.0474,  0.3038,  0.0295,  0.0177,  -0.0038,  -0.9151,  0.0232,  -0.0701],  
 [-0.1092,  0.2115,  1.0382,  -0.0072,  2.0238,  2.9352,  -0.0347,  -0.2533,  -0.4077,  6.2029,  -0.8531,  -0.9031,  -0.2838,  0.0969,  0.1946,  18.8961,  1.8947,  -2.5946,  0.1667,  0.2919,  0.4142,  -5.5595,  1.6368,  2.6219,  -0.0434,  -0.1742,  -1.0345,  -1.0784,  -0.9979,  -3.1643],  
 [-0.2449,  0.0030,  0.1019,  1.3361,  1.1611,  -1.4320,  0.6757,  0.0238,  0.2143,  0.3245,  2.9139,  5.8014,  0.3357,  0.1477,  -0.0852,  1.8947,  20.5029,  0.6131,  0.5916,  0.1086,  0.2457,  -1.0691,  3.6753,  4.9631,  0.2209,  -0.0646,  -0.2026,  -1.3754,  1.1527,  1.9690],  
 [-1.6438,  -0.3906,  0.0360,  0.9852,  -0.2424,  -7.1480,  0.2480,  -0.0253,  0.1625,  -1.0961,  1.7963,  3.0073,  -0.3791,  0.3684,  0.2793,  -2.5946,  0.6131,  68.9596,  0.2390,  -0.0237,  0.1694,  -0.5362,  0.2514,  3.6007,  1.6963,  -0.0253,  0.0810,  -1.3171,  2.2822,  7.2598],  
 [-0.0311,  -0.0030,  0.0080,  -0.0050,  0.2930,  0.0146,  -0.0016,  -0.0012,  0.0000,  -0.0018,  -0.0241,  -0.0137,  -0.0370,  0.0053,  0.0133,  0.1667,  0.5916,  0.2390,  0.0559,  0.0090,  0.0275,  -0.1083,  0.2538,  0.5987,  0.0093,  -0.0031,  -0.0047,  -0.1537,  -0.2084,  -0.0790],  
 [-0.0038,  0.0056,  0.0180,  0.1005,  0.0567,  -0.0009,  0.0009,  -0.0020,  -0.0021,  0.0263,  0.0296,  -0.0042,  0.0003,  0.0061,  0.0269,  0.2919,  0.1086,  -0.0237,  0.0090,  0.0175,  0.0198,  -0.2293,  -0.0114,  0.1731,  0.0004,  -0.0004,  -0.0169,  -0.1141,  -0.0119,  -0.0238],  
 [-0.0172,  0.0056,  0.0256,  0.1367,  0.2051,  -0.0056,  0.0020,  -0.0020,  -0.0035,  0.0484,  0.0465,  0.0082,  -0.0084,  0.0113,  0.0437,  0.4142,  0.2457,  0.1694,  0.0275,  0.0198,  0.0445,  -0.4637,  0.0079,  0.3990,  0.0097,  -0.0025,  -0.0213,  -0.2145,  -0.0900,  -0.0589],  
 [0.0825,  -0.0921,  -0.3287,  -2.0603,  -2.0359,  0.1404,  -0.0254,  0.0163,  0.0408,  -0.7288,  -0.1483,  -0.1894,  -0.0716,  -0.1256,  -0.5752,  -5.5595,  -1.0691,  -0.5362,  -0.1083,  -0.2293,  -0.4637,  6.9308,  -0.1220,  -1.9972,  -0.0510,  0.0000,  0.2890,  2.5926,  0.7662,  0.4273],  
 [-0.1726,  -0.0285,  0.0204,  -0.2378,  2.6093,  1.0304,  -0.0233,  0.0146,  0.0436,  -0.2528,  -1.7668,  0.1340,  -0.3361,  0.0187,  0.0474,  1.6368,  3.6753,  0.2514,  0.2538,  -0.0114,  0.0079,  -0.1220,  4.9591,  1.7958,  -0.0008,  0.0059,  -0.0024,  -0.8736,  -1.9613,  -1.4084],  
 [-0.3592,  0.0154,  0.1897,  0.4945,  2.2937,  0.5068,  -0.0145,  -0.0207,  -0.0085,  -0.0451,  0.2473,  -0.3701,  -0.4908,  0.1246,  0.3038,  2.6219,  4.9631,  3.6007,  0.5987,  0.1731,  0.3990,  -1.9972,  1.7958,  8.2387,  0.1617,  -0.0709,  -0.1405,  -1.6867,  -1.0461,  -1.2809],  
 [-0.0690,  -0.0188,  0.0055,  0.1583,  -0.1629,  -0.0097,  0.0357,  -0.0003,  0.0117,  0.0179,  0.2008,  0.3848,  0.0036,  0.0149,  0.0295,  -0.0434,  0.2209,  1.6963,  0.0093,  0.0004,  0.0097,  -0.0510,  -0.0008,  0.1617,  0.0941,  -0.0098,  0.0018,  -0.0945,  0.1709,  -0.1271],  
 [0.0099,  -0.0116,  -0.0110,  0.0580,  0.1160,  -0.1254,  -0.0073,  0.0067,  0.0052,  -0.1107,  -0.0418,  -0.0253,  0.0112,  0.0081,  0.0177,  -0.1742,  -0.0646,  -0.0253,  -0.0031,  -0.0004,  -0.0025,  0.0000,  0.0059,  -0.0709,  -0.0098,  0.0335,  0.0125,  -0.0934,  -0.0322,  0.1348],  
 [0.0055,  -0.0140,  -0.0770,  -0.0446,  0.1662,  -0.1249,  -0.0050,  0.0159,  0.0254,  -0.3975,  -0.0271,  0.0333,  -0.0038,  -0.0127,  -0.0038,  -1.0345,  -0.2026,  0.0810,  -0.0047,  -0.0169,  -0.0213,  0.2890,  -0.0024,  -0.1405,  0.0018,  0.0125,  0.1102,  0.0897,  -0.4327,  -0.0222],  
 [0.1693,  -0.0768,  -0.0773,  -4.1677,  -2.1394,  1.1387,  0.0366,  -0.0814,  -0.1020,  1.7729,  0.2487,  -0.0317,  -0.1031,  -0.1961,  -0.9151,  -1.0784,  -1.3754,  -1.3171,  -0.1537,  -0.1141,  -0.2145,  2.5926,  -0.8736,  -1.6867,  -0.0945,  -0.0934,  0.0897,  9.4000,  -1.0539,  -0.7089],  
 [0.0244,  0.0722,  0.1574,  2.8097,  -12.6898,  1.9312,  0.3265,  0.0244,  0.1706,  -1.2040,  2.3694,  2.5702,  0.0166,  0.0570,  0.0232,  -0.9979,  1.1527,  2.2822,  -0.2084,  -0.0119,  -0.0900,  0.7662,  -1.9613,  -1.0461,  0.1709,  -0.0322,  -0.4327,  -1.0539,  24.1178,  -0.6762],  
 [0.0939,  -0.0453,  -0.0734,  -0.7205,  0.1623,  -15.5965,  0.1209,  -0.0260,  0.0131,  0.2378,  1.5667,  1.3139,  1.6762,  0.2090,  -0.0701,  -3.1643,  1.9690,  7.2598,  -0.0790,  -0.0238,  -0.0589,  0.4273,  -1.4084,  -1.2809,  -0.1271,  0.1348,  -0.0222,  -0.7089,  -0.6762,  18.7881]]
[[74.4493,  -7.1153,  -1.5260,  0.3927,  0.1177,  2.0732,  -10.5792,  -5.5528,  -4.8893,  -0.4696,  -0.1571,  0.8519,  5.8155,  -2.4214,  5.8076,  0.2320,  -0.8627,  0.8003,  51.8203,  5.7561,  -6.1990,  0.1741,  1.0557,  -1.0804,  38.3913,  -14.8146,  -2.3772,  0.1594,  0.0316,  1.2905],  
 [-7.1153,  69.5020,  -2.4124,  0.0341,  -0.3736,  -0.0630,  13.6658,  -13.7824,  -13.5228,  0.1533,  0.0006,  1.2003,  -0.9840,  -0.4976,  -7.0448,  -1.0219,  -1.3013,  -0.1000,  28.4047,  6.2513,  3.7149,  0.1034,  0.7513,  -1.3764,  10.0332,  36.2082,  -3.2452,  0.1070,  -0.3563,  -0.0730],  
 [-1.5260,  -2.4124,  41.0213,  -0.1811,  0.2738,  0.5193,  -11.3420,  -0.3557,  -4.0984,  -0.0999,  -0.2268,  0.7699,  -2.0814,  3.1930,  -0.2741,  -1.4980,  0.4814,  -0.1181,  -2.1965,  3.3278,  1.2765,  0.0829,  -0.0743,  -0.6075,  -0.2592,  -3.9709,  16.4788,  -0.0601,  0.1596,  0.5173],  
 [0.3927,  0.0341,  -0.1811,  0.2095,  0.0019,  0.0170,  -0.2878,  0.0446,  -0.2416,  -0.0004,  -0.0139,  0.0332,  0.1345,  -0.0827,  -0.6117,  0.0167,  -0.0330,  0.0056,  0.6354,  -0.1569,  0.1642,  0.0155,  0.0211,  0.0050,  0.1702,  -0.0306,  -0.0159,  0.0331,  -0.0104,  0.0180],  
 [0.1177,  -0.3736,  0.2738,  0.0019,  0.0687,  -0.0063,  -0.0324,  0.2564,  0.1180,  0.0069,  -0.0001,  -0.0194,  -0.0032,  0.0081,  0.0246,  -0.0055,  0.0064,  -0.0035,  -0.1195,  0.1951,  -0.3219,  -0.0027,  -0.0165,  0.0038,  0.1677,  -0.3764,  0.0969,  0.0127,  0.0345,  -0.0009],  
 [2.0732,  -0.0630,  0.5193,  0.0170,  -0.0063,  0.3284,  0.3239,  0.2128,  0.3391,  0.0025,  0.0284,  -0.0272,  0.5960,  -0.2506,  0.1242,  0.0182,  -0.0782,  0.0255,  2.6235,  0.4277,  -0.0301,  0.0145,  0.0602,  -0.0633,  1.2234,  -0.2215,  0.6490,  0.0018,  -0.0077,  0.2356],  
 [-10.5792,  13.6658,  -11.3420,  -0.2878,  -0.0324,  0.3239,  278.6315,  60.4996,  -120.6097,  -6.2774,  -1.4359,  -11.1840,  -0.5342,  6.6335,  -3.1974,  0.5077,  -6.9546,  0.3578,  125.6678,  31.0452,  -10.4559,  0.4809,  1.5593,  -5.2324,  -33.7633,  20.7852,  -4.1108,  -0.6099,  -0.5018,  0.1539],  
 [-5.5528,  -13.7824,  -0.3557,  0.0446,  0.2564,  0.2128,  60.4996,  202.4932,  32.1516,  2.4530,  1.8707,  -7.5788,  7.8956,  1.1971,  -16.5402,  2.9161,  -2.3056,  -0.0935,  46.1545,  21.0946,  -6.8902,  0.6052,  0.0709,  -1.8694,  5.5329,  -15.0541,  1.0160,  0.1697,  0.1763,  0.5922],  
 [-4.8893,  -13.5228,  -4.0984,  -0.2416,  0.1180,  0.3391,  -120.6097,  32.1516,  467.5444,  23.6975,  9.6173,  -10.5637,  3.9316,  7.7198,  -20.1531,  2.5132,  -0.4511,  -0.5636,  -0.1979,  -4.5391,  33.4192,  1.4462,  0.3073,  -1.6238,  18.5069,  -3.9509,  -8.2337,  -0.4449,  -0.2858,  0.6499],  
 [-0.4696,  0.1533,  -0.0999,  -0.0004,  0.0069,  0.0025,  -6.2774,  2.4530,  23.6975,  1.6477,  0.4295,  -0.4014,  -0.1970,  0.1754,  -0.1069,  -0.0281,  -0.0257,  -0.0075,  -0.0945,  0.8788,  2.1464,  0.1250,  0.0458,  -0.0987,  -0.2339,  -0.0443,  -0.1275,  -0.0171,  0.0047,  0.0185],  
 [-0.1571,  0.0006,  -0.2268,  -0.0139,  -0.0001,  0.0284,  -1.4359,  1.8707,  9.6173,  0.4295,  0.6188,  -0.2733,  -0.0805,  0.2815,  -0.7850,  0.0918,  -0.1452,  -0.0077,  2.1065,  0.0318,  0.3786,  0.0104,  0.1576,  -0.1490,  -0.1729,  0.2214,  -0.4434,  -0.0318,  -0.0295,  0.0309],  
 [0.8519,  1.2003,  0.7699,  0.0332,  -0.0194,  -0.0272,  -11.1840,  -7.5788,  -10.5637,  -0.4014,  -0.2733,  1.4473,  -0.7751,  -0.8547,  1.1046,  -0.2329,  0.2809,  0.0242,  -5.1811,  -0.9751,  -0.8702,  -0.0900,  -0.0890,  0.3070,  -0.4078,  -0.1815,  0.0857,  0.0113,  0.0054,  -0.0294],  
 [5.8155,  -0.9840,  -2.0814,  0.1345,  -0.0032,  0.5960,  -0.5342,  7.8956,  3.9316,  -0.1970,  -0.0805,  -0.7751,  10.6150,  -0.9571,  -0.6708,  0.4517,  -0.1233,  0.2843,  5.2077,  -3.7184,  -2.4673,  0.0517,  0.1782,  0.4752,  0.8371,  -1.7545,  0.1781,  0.1516,  0.0502,  -0.3443],  
 [-2.4214,  -0.4976,  3.1930,  -0.0827,  0.0081,  -0.2506,  6.6335,  1.1971,  7.7198,  0.1754,  0.2815,  -0.8547,  -0.9571,  17.1432,  -4.1349,  -0.0706,  -0.3057,  -0.0916,  10.2202,  4.9646,  0.3532,  -0.0300,  -0.0390,  -0.9635,  -1.8634,  -3.1279,  2.4679,  -0.0593,  0.0193,  -0.2718],  
 [5.8076,  -7.0448,  -0.2741,  -0.6117,  0.0246,  0.1242,  -3.1974,  -16.5402,  -20.1531,  -0.1069,  -0.7850,  1.1046,  -0.6708,  -4.1349,  17.1756,  -0.5044,  0.6814,  0.2344,  -3.7806,  -6.3804,  -3.9595,  0.1222,  -0.2974,  0.2099,  -5.9367,  -6.6123,  -0.0624,  0.5376,  0.1504,  -0.0576],  
 [0.2320,  -1.0219,  -1.4980,  0.0167,  -0.0055,  0.0182,  0.5077,  2.9161,  2.5132,  -0.0281,  0.0918,  -0.2329,  0.4517,  -0.0706,  -0.5044,  0.3515,  -0.0203,  -0.0029,  0.4631,  -1.6820,  -1.4493,  -0.0264,  -0.0876,  0.0833,  0.6309,  -0.1317,  0.8501,  -0.0073,  0.0156,  0.0369],  
 [-0.8627,  -1.3013,  0.4814,  -0.0330,  0.0064,  -0.0782,  -6.9546,  -2.3056,  -0.4511,  -0.0257,  -0.1452,  0.2809,  -0.1233,  -0.3057,  0.6814,  -0.0203,  0.4178,  -0.0105,  -8.1719,  -2.2295,  -0.0483,  -0.0424,  -0.1509,  0.3517,  0.0218,  -0.7559,  0.5738,  0.0159,  0.0185,  -0.0709],  
 [0.8003,  -0.1000,  -0.1181,  0.0056,  -0.0035,  0.0255,  0.3578,  -0.0935,  -0.5636,  -0.0075,  -0.0077,  0.0242,  0.2843,  -0.0916,  0.2344,  -0.0029,  -0.0105,  0.0555,  0.5562,  -0.0570,  -0.2501,  0.0023,  0.0092,  0.0071,  -0.7352,  -0.2650,  -0.0657,  -0.0024,  -0.0048,  -0.0314],  
 [51.8203,  28.4047,  -2.1965,  0.6354,  -0.1195,  2.6235,  125.6678,  46.1545,  -0.1979,  -0.0945,  2.1065,  -5.1811,  5.2077,  10.2202,  -3.7806,  0.4631,  -8.1719,  0.5562,  340.4896,  72.0825,  -100.1204,  -4.2154,  -1.8786,  -15.1893,  24.4435,  2.6932,  -8.9063,  0.8450,  0.1428,  1.8747],  
 [5.7561,  6.2513,  3.3278,  -0.1569,  0.1951,  0.4277,  31.0452,  21.0946,  -4.5391,  0.8788,  0.0318,  -0.9751,  -3.7184,  4.9646,  -6.3804,  -1.6820,  -2.2295,  -0.0570,  72.0825,  175.6933,  -13.3981,  2.3658,  1.5776,  -6.1306,  10.7815,  -6.5017,  1.0114,  0.1691,  0.2225,  0.7240],  
 [-6.1990,  3.7149,  1.2765,  0.1642,  -0.3219,  -0.0301,  -10.4559,  -6.8902,  33.4192,  2.1464,  0.3786,  -0.8702,  -2.4673,  0.3532,  -3.9595,  -1.4493,  -0.0483,  -0.2501,  -100.1204,  -13.3981,  379.1091,  20.0449,  8.1643,  -7.2765,  -1.7844,  2.1046,  -5.4287,  0.3417,  0.0482,  0.5166],  
 [0.1741,  0.1034,  0.0829,  0.0155,  -0.0027,  0.0145,  0.4809,  0.6052,  1.4462,  0.1250,  0.0104,  -0.0900,  0.0517,  -0.0300,  0.1222,  -0.0264,  -0.0424,  0.0023,  -4.2154,  2.3658,  20.0449,  1.3779,  0.4393,  -0.4376,  -0.0327,  -0.0408,  -0.2408,  0.0040,  0.0020,  0.0281],  
 [1.0557,  0.7513,  -0.0743,  0.0211,  -0.0165,  0.0602,  1.5593,  0.0709,  0.3073,  0.0458,  0.1576,  -0.0890,  0.1782,  -0.0390,  -0.2974,  -0.0876,  -0.1509,  0.0092,  -1.8786,  1.5776,  8.1643,  0.4393,  0.6282,  -0.1492,  0.4677,  0.2055,  -0.4429,  0.0108,  -0.0061,  0.0584],  
 [-1.0804,  -1.3764,  -0.6075,  0.0050,  0.0038,  -0.0633,  -5.2324,  -1.8694,  -1.6238,  -0.0987,  -0.1490,  0.3070,  0.4752,  -0.9635,  0.2099,  0.0833,  0.3517,  0.0071,  -15.1893,  -6.1306,  -7.2765,  -0.4376,  -0.1492,  1.4039,  -1.1212,  0.3557,  0.5070,  -0.0608,  -0.0220,  -0.0973],  
 [38.3913,  10.0332,  -0.2592,  0.1702,  0.1677,  1.2234,  -33.7633,  5.5329,  18.5069,  -0.2339,  -0.1729,  -0.4078,  0.8371,  -1.8634,  -5.9367,  0.6309,  0.0218,  -0.7352,  24.4435,  10.7815,  -1.7844,  -0.0327,  0.4677,  -1.1212,  72.0161,  3.7915,  -0.9134,  0.4212,  0.1293,  1.9713],  
 [-14.8146,  36.2082,  -3.9709,  -0.0306,  -0.3764,  -0.2215,  20.7852,  -15.0541,  -3.9509,  -0.0443,  0.2214,  -0.1815,  -1.7545,  -3.1279,  -6.6123,  -0.1317,  -0.7559,  -0.2650,  2.6932,  -6.5017,  2.1046,  -0.0408,  0.2055,  0.3557,  3.7915,  61.3537,  -4.8266,  0.0530,  -0.3913,  -0.2489],  
 [-2.3772,  -3.2452,  16.4788,  -0.0159,  0.0969,  0.6490,  -4.1108,  1.0160,  -8.2337,  -0.1275,  -0.4434,  0.0857,  0.1781,  2.4679,  -0.0624,  0.8501,  0.5738,  -0.0657,  -8.9063,  1.0114,  -5.4287,  -0.2408,  -0.4429,  0.5070,  -0.9134,  -4.8266,  34.3292,  -0.1223,  0.5837,  0.7757],  
 [0.1594,  0.1070,  -0.0601,  0.0331,  0.0127,  0.0018,  -0.6099,  0.1697,  -0.4449,  -0.0171,  -0.0318,  0.0113,  0.1516,  -0.0593,  0.5376,  -0.0073,  0.0159,  -0.0024,  0.8450,  0.1691,  0.3417,  0.0040,  0.0108,  -0.0608,  0.4212,  0.0530,  -0.1223,  0.2001,  0.0242,  0.0077],  
 [0.0316,  -0.3563,  0.1596,  -0.0104,  0.0345,  -0.0077,  -0.5018,  0.1763,  -0.2858,  0.0047,  -0.0295,  0.0054,  0.0502,  0.0193,  0.1504,  0.0156,  0.0185,  -0.0048,  0.1428,  0.2225,  0.0482,  0.0020,  -0.0061,  -0.0220,  0.1293,  -0.3913,  0.5837,  0.0242,  0.0828,  0.0039],  
 [1.2905,  -0.0730,  0.5173,  0.0180,  -0.0009,  0.2356,  0.1539,  0.5922,  0.6499,  0.0185,  0.0309,  -0.0294,  -0.3443,  -0.2718,  -0.0576,  0.0369,  -0.0709,  -0.0314,  1.8747,  0.7240,  0.5166,  0.0281,  0.0584,  -0.0973,  1.9713,  -0.2489,  0.7757,  0.0077,  0.0039,  0.3268]]
