[1.2860,  -11.2144,  0.9604,  0.1002,  -0.1179,  -0.0439,  11.2784,  -36.6428,  -31.3308,  -3.2281,  8.7044,  -1.6351,  -1.4659,  0.7918,  35.2028,  -0.0877,  -0.1665,  3.2707,  12.8008,  -32.8408,  -28.4039,  -3.2953,  8.8787,  -2.0493,  1.6891,  -11.4954,  1.2423,  0.1389,  -0.1112,  0.0071]
[[0.1129,  0.0207,  -0.0129,  -0.1598,  -0.1895,  -0.1205,  -0.0174,  0.0019,  -0.0068,  -0.0229,  -0.0282,  -0.2469,  0.0290,  -0.0185,  -0.0571,  -0.2507,  -0.3196,  -1.9687,  -0.0427,  -0.0046,  -0.0218,  0.1035,  -0.2557,  -0.4412,  -0.0901,  0.0144,  0.0087,  0.2701,  0.1116,  0.1318],  
 [0.0207,  0.0449,  0.0153,  0.1019,  0.0324,  0.1630,  -0.0092,  0.0023,  0.0016,  -0.0987,  -0.0154,  -0.1428,  -0.0222,  -0.0036,  0.0243,  0.2853,  -0.0174,  -0.6002,  -0.0032,  0.0081,  0.0088,  -0.1336,  -0.0512,  0.0316,  -0.0278,  -0.0165,  -0.0159,  -0.0700,  0.1025,  -0.1342],  
 [-0.0129,  0.0153,  0.1083,  0.1027,  -0.0834,  0.0692,  0.0045,  -0.0166,  -0.0274,  0.4187,  0.0280,  -0.0371,  0.0101,  0.0095,  0.0264,  1.2840,  0.1255,  0.0825,  0.0130,  0.0227,  0.0396,  -0.4768,  0.0030,  0.2474,  0.0035,  -0.0089,  -0.0927,  -0.1127,  0.1697,  -0.1495],  
 [-0.1598,  0.1019,  0.1027,  11.0364,  -0.8153,  -0.7870,  0.1756,  0.1146,  0.2829,  -3.2660,  1.1535,  1.9377,  0.1126,  0.2511,  1.1740,  0.1130,  2.0776,  3.3407,  0.0221,  0.1243,  0.1763,  -2.4163,  -0.1900,  0.8608,  0.2114,  0.0765,  -0.0660,  -5.7948,  2.9304,  0.5837],  
 [-0.1895,  0.0324,  -0.0834,  -0.8153,  26.7746,  -0.9113,  -0.2539,  0.0046,  -0.0878,  0.3880,  -2.0913,  -1.4655,  -0.1788,  0.1161,  0.3127,  3.3337,  1.6034,  0.1855,  0.3468,  0.0484,  0.2302,  -2.2611,  3.1373,  2.5043,  -0.1066,  0.1039,  0.0851,  -3.2249,  -14.6394,  0.9497],  
 [-0.1205,  0.1630,  0.0692,  -0.7870,  -0.9113,  24.9267,  -0.2251,  0.0036,  -0.0875,  0.0863,  -1.8559,  -2.6535,  -2.2744,  -0.1408,  -0.1492,  6.7241,  -0.3734,  -10.5215,  0.0636,  -0.0117,  0.0172,  -0.0553,  1.5112,  0.8930,  0.0017,  -0.1980,  -0.1488,  1.8563,  1.0958,  -22.1545],  
 [-0.0174,  -0.0092,  0.0045,  0.1756,  -0.2539,  -0.2251,  0.0667,  0.0051,  0.0275,  -0.0213,  0.2650,  0.6974,  0.0727,  0.0099,  0.0126,  -0.0743,  0.6389,  0.3972,  -0.0040,  0.0007,  0.0013,  -0.0319,  -0.0132,  -0.0432,  0.0432,  -0.0059,  -0.0021,  0.0252,  0.3108,  0.1788],  
 [0.0019,  0.0023,  -0.0166,  0.1146,  0.0046,  0.0036,  0.0051,  0.0163,  0.0199,  -0.2387,  -0.0408,  0.1279,  -0.0084,  0.0035,  0.0275,  -0.2855,  0.0566,  -0.0224,  -0.0002,  -0.0018,  -0.0026,  0.0238,  0.0356,  -0.0097,  0.0005,  0.0054,  0.0177,  -0.0940,  0.0372,  -0.0161],  
 [-0.0068,  0.0016,  -0.0274,  0.2829,  -0.0878,  -0.0875,  0.0275,  0.0199,  0.0529,  -0.5716,  -0.0193,  0.4056,  0.0046,  0.0060,  0.0556,  -0.5178,  0.2792,  0.2250,  0.0004,  -0.0023,  -0.0060,  0.0717,  0.0728,  -0.0093,  0.0152,  0.0048,  0.0302,  -0.1604,  0.1999,  0.0699],  
 [-0.0229,  -0.0987,  0.4187,  -3.2660,  0.3880,  0.0863,  -0.0213,  -0.2387,  -0.5716,  8.6771,  0.6035,  -1.3282,  0.3328,  -0.0267,  -0.7254,  7.3727,  -0.7467,  -1.1362,  -0.0212,  0.0275,  0.0755,  -1.2604,  -0.4447,  -0.2883,  0.0196,  -0.0901,  -0.4314,  2.4059,  -1.8347,  -0.1601],  
 [-0.0282,  -0.0154,  0.0280,  1.1535,  -2.0913,  -1.8559,  0.2650,  -0.0408,  -0.0193,  0.6035,  5.1482,  1.8822,  0.4774,  0.0438,  0.0374,  -1.1856,  3.2017,  1.5796,  -0.0355,  0.0246,  0.0474,  -0.1355,  -1.9466,  0.1310,  0.2075,  -0.0407,  -0.0351,  0.2606,  2.4892,  1.7755],  
 [-0.2469,  -0.1428,  -0.0371,  1.9377,  -1.4655,  -2.6535,  0.6974,  0.1279,  0.4056,  -1.3282,  1.8822,  9.0057,  0.8072,  0.1436,  0.2898,  -1.4680,  5.6015,  4.6470,  -0.0267,  -0.0068,  -0.0079,  -0.1898,  0.4911,  -0.6497,  0.4806,  -0.0157,  0.0847,  -0.2367,  2.2458,  2.0080],  
 [0.0290,  -0.0222,  0.0101,  0.1126,  -0.1788,  -2.2744,  0.0727,  -0.0084,  0.0046,  0.3328,  0.4774,  0.8072,  0.4798,  0.0138,  -0.0034,  -0.4959,  0.1916,  -0.0575,  -0.0586,  0.0027,  -0.0080,  -0.1698,  -0.4626,  -0.6893,  0.0048,  0.0246,  -0.0127,  -0.0730,  0.1967,  2.2971],  
 [-0.0185,  -0.0036,  0.0095,  0.2511,  0.1161,  -0.1408,  0.0099,  0.0035,  0.0060,  -0.0267,  0.0438,  0.1436,  0.0138,  0.0712,  0.0631,  0.1217,  0.0745,  0.3991,  0.0135,  0.0089,  0.0163,  -0.1649,  0.0304,  0.1855,  0.0193,  0.0011,  -0.0124,  -0.2762,  -0.0215,  0.1844],  
 [-0.0571,  0.0243,  0.0264,  1.1740,  0.3127,  -0.1492,  0.0126,  0.0275,  0.0556,  -0.7254,  0.0374,  0.2898,  -0.0034,  0.0631,  0.3192,  0.2484,  0.0660,  0.8371,  0.0273,  0.0346,  0.0609,  -0.7301,  0.0865,  0.4607,  0.0457,  0.0188,  -0.0148,  -1.1740,  0.1566,  0.0425],  
 [-0.2507,  0.2853,  1.2840,  0.1130,  3.3337,  6.7241,  -0.0743,  -0.2855,  -0.5178,  7.3727,  -1.1856,  -1.4680,  -0.4959,  0.1217,  0.2484,  26.1342,  3.6997,  -2.1183,  0.3032,  0.3494,  0.6369,  -7.9523,  2.1461,  3.7563,  -0.0921,  -0.1939,  -1.2885,  -1.5458,  -2.1668,  -6.6826],  
 [-0.3196,  -0.0174,  0.1255,  2.0776,  1.6034,  -0.3734,  0.6389,  0.0566,  0.2792,  -0.7467,  3.2017,  5.6015,  0.1916,  0.0745,  0.0660,  3.6997,  24.5859,  0.2163,  0.7035,  0.0951,  0.3194,  -1.7880,  5.1712,  5.4095,  0.2448,  -0.0185,  -0.2270,  -2.4027,  0.2430,  0.8323],  
 [-1.9687,  -0.6002,  0.0825,  3.3407,  0.1855,  -10.5215,  0.3972,  -0.0224,  0.2250,  -1.1362,  1.5796,  4.6470,  -0.0575,  0.3991,  0.8371,  -2.1183,  0.2163,  80.8897,  0.3158,  -0.0069,  0.2069,  -0.7561,  0.9757,  3.9649,  2.0580,  -0.0996,  0.0597,  -3.0564,  0.8021,  10.4475],  
 [-0.0427,  -0.0032,  0.0130,  0.0221,  0.3468,  0.0636,  -0.0040,  -0.0002,  0.0004,  -0.0212,  -0.0355,  -0.0267,  -0.0586,  0.0135,  0.0273,  0.3032,  0.7035,  0.3158,  0.0717,  0.0105,  0.0353,  -0.1431,  0.3173,  0.7370,  0.0152,  -0.0044,  -0.0096,  -0.2603,  -0.2446,  -0.1581],  
 [-0.0046,  0.0081,  0.0227,  0.1243,  0.0484,  -0.0117,  0.0007,  -0.0018,  -0.0023,  0.0275,  0.0246,  -0.0068,  0.0027,  0.0089,  0.0346,  0.3494,  0.0951,  -0.0069,  0.0105,  0.0207,  0.0261,  -0.2981,  -0.0441,  0.2027,  0.0001,  0.0007,  -0.0210,  -0.1428,  -0.0042,  -0.0150],  
 [-0.0218,  0.0088,  0.0396,  0.1763,  0.2302,  0.0172,  0.0013,  -0.0026,  -0.0060,  0.0755,  0.0474,  -0.0079,  -0.0080,  0.0163,  0.0609,  0.6369,  0.3194,  0.2069,  0.0353,  0.0261,  0.0632,  -0.6768,  -0.0307,  0.4706,  0.0091,  0.0001,  -0.0357,  -0.2951,  -0.0978,  -0.0711],  
 [0.1035,  -0.1336,  -0.4768,  -2.4163,  -2.2611,  -0.0553,  -0.0319,  0.0238,  0.0717,  -1.2604,  -0.1355,  -0.1898,  -0.1698,  -0.1649,  -0.7301,  -7.9523,  -1.7880,  -0.7561,  -0.1431,  -0.2981,  -0.6768,  9.7687,  0.2897,  -2.1498,  -0.0114,  -0.0449,  0.4629,  3.2632,  0.5919,  0.2900],  
 [-0.2557,  -0.0512,  0.0030,  -0.1900,  3.1373,  1.5112,  -0.0132,  0.0356,  0.0728,  -0.4447,  -1.9466,  0.4911,  -0.4626,  0.0304,  0.0865,  2.1461,  5.1712,  0.9757,  0.3173,  -0.0441,  -0.0307,  0.2897,  7.0860,  1.9440,  0.0308,  0.0115,  -0.0131,  -1.6119,  -2.5790,  -2.0066],  
 [-0.4412,  0.0316,  0.2474,  0.8608,  2.5043,  0.8930,  -0.0432,  -0.0097,  -0.0093,  -0.2883,  0.1310,  -0.6497,  -0.6893,  0.1855,  0.4607,  3.7563,  5.4095,  3.9649,  0.7370,  0.2027,  0.4706,  -2.1498,  1.9440,  9.8009,  0.2156,  -0.0953,  -0.1857,  -2.5500,  -1.2548,  -2.0271],  
 [-0.0901,  -0.0278,  0.0035,  0.2114,  -0.1066,  0.0017,  0.0432,  0.0005,  0.0152,  0.0196,  0.2075,  0.4806,  0.0048,  0.0193,  0.0457,  -0.0921,  0.2448,  2.0580,  0.0152,  0.0001,  0.0091,  -0.0114,  0.0308,  0.2156,  0.1167,  -0.0100,  0.0046,  -0.1131,  0.1528,  -0.1064],  
 [0.0144,  -0.0165,  -0.0089,  0.0765,  0.1039,  -0.1980,  -0.0059,  0.0054,  0.0048,  -0.0901,  -0.0407,  -0.0157,  0.0246,  0.0011,  0.0188,  -0.1939,  -0.0185,  -0.0996,  -0.0044,  0.0007,  0.0001,  -0.0449,  0.0115,  -0.0953,  -0.0100,  0.0391,  0.0114,  -0.1148,  -0.0024,  0.1949],  
 [0.0087,  -0.0159,  -0.0927,  -0.0660,  0.0851,  -0.1488,  -0.0021,  0.0177,  0.0302,  -0.4314,  -0.0351,  0.0847,  -0.0127,  -0.0124,  -0.0148,  -1.2885,  -0.2270,  0.0597,  -0.0096,  -0.0210,  -0.0357,  0.4629,  -0.0131,  -0.1857,  0.0046,  0.0114,  0.1083,  0.1146,  -0.1376,  0.0955],  
 [0.2701,  -0.0700,  -0.1127,  -5.7948,  -3.2249,  1.8563,  0.0252,  -0.0940,  -0.1604,  2.4059,  0.2606,  -0.2367,  -0.0730,  -0.2762,  -1.1740,  -1.5458,  -2.4027,  -3.0564,  -0.2603,  -0.1428,  -0.2951,  3.2632,  -1.6119,  -2.5500,  -0.1131,  -0.1148,  0.1146,  11.3663,  0.8131,  -1.5731],  
 [0.1116,  0.1025,  0.1697,  2.9304,  -14.6394,  1.0958,  0.3108,  0.0372,  0.1999,  -1.8347,  2.4892,  2.2458,  0.1967,  -0.0215,  0.1566,  -2.1668,  0.2430,  0.8021,  -0.2446,  -0.0042,  -0.0978,  0.5919,  -2.5790,  -1.2548,  0.1528,  -0.0024,  -0.1376,  0.8131,  26.4821,  -1.0163],  
 [0.1318,  -0.1342,  -0.1495,  0.5837,  0.9497,  -22.1545,  0.1788,  -0.0161,  0.0699,  -0.1601,  1.7755,  2.0080,  2.2971,  0.1844,  0.0425,  -6.6826,  0.8323,  10.4475,  -0.1581,  -0.0150,  -0.0711,  0.2900,  -2.0066,  -2.0271,  -0.1064,  0.1949,  0.0955,  -1.5731,  -1.0163,  24.4246]]
[[66.6157,  -11.7135,  -1.9964,  0.0114,  0.0744,  1.6793,  -12.2335,  2.4027,  2.9045,  0.0995,  -0.0745,  0.1623,  4.7825,  -8.1960,  6.6866,  0.4615,  -0.6674,  0.4385,  47.4322,  8.6060,  0.7775,  0.3639,  1.0288,  -1.7015,  40.8847,  -21.2131,  -2.0776,  -0.0218,  0.0720,  1.3321],  
 [-11.7135,  68.2331,  -6.0803,  0.0179,  -0.3882,  -0.2652,  -2.6060,  -28.1846,  -12.5011,  0.2879,  -0.5054,  2.1272,  -0.9192,  5.7346,  -6.4027,  -0.9601,  -0.2114,  0.1332,  3.8339,  -10.6107,  3.4855,  0.1315,  0.1246,  0.0552,  3.7046,  41.8635,  -4.8997,  0.0140,  -0.3637,  -0.4545],  
 [-1.9964,  -6.0803,  50.7051,  -0.1798,  0.0930,  0.8137,  -8.9838,  1.7683,  -8.6033,  -0.7591,  -0.0617,  0.4997,  -0.8780,  3.0173,  -0.7265,  -0.8789,  0.6310,  -0.0671,  -4.4213,  -1.0020,  -12.4559,  -0.7357,  -0.2675,  -0.0252,  -2.0555,  -6.8228,  31.7294,  -0.1805,  -0.1271,  0.7279],  
 [0.0114,  0.0179,  -0.1798,  0.1841,  0.0039,  0.0031,  -0.2760,  0.0282,  -0.6098,  -0.0128,  -0.0218,  0.0404,  0.0461,  -0.1211,  -0.4426,  -0.0038,  -0.0195,  -0.0007,  0.4386,  -0.0753,  0.5025,  0.0215,  0.0206,  -0.0158,  -0.0229,  -0.0567,  -0.1075,  0.0523,  -0.0049,  0.0048],  
 [0.0744,  -0.3882,  0.0930,  0.0039,  0.0629,  -0.0006,  0.2348,  0.2318,  0.1922,  0.0052,  0.0045,  -0.0278,  -0.0153,  -0.0560,  -0.0113,  -0.0064,  -0.0023,  -0.0007,  -0.0661,  0.2665,  -0.0196,  0.0094,  -0.0057,  -0.0063,  -0.0024,  -0.3366,  -0.1099,  0.0066,  0.0298,  -0.0013],  
 [1.6793,  -0.2652,  0.8137,  0.0031,  -0.0006,  0.3196,  0.9549,  0.5983,  0.0476,  0.0065,  0.0206,  -0.0543,  0.4025,  -0.5221,  0.1691,  -0.0059,  -0.0808,  0.0139,  2.6801,  0.8579,  -0.0465,  0.0168,  0.0619,  -0.0843,  0.9259,  -0.3828,  0.6538,  0.0008,  -0.0046,  0.2616],  
 [-12.2335,  -2.6060,  -8.9838,  -0.2760,  0.2348,  0.9549,  236.9968,  54.8827,  -72.2555,  -5.1401,  -1.8939,  -12.4993,  0.7601,  -4.7538,  0.1943,  1.0852,  -4.0733,  -0.0255,  75.8156,  16.5744,  -10.8442,  0.1253,  0.6150,  -3.1871,  -22.0559,  17.1817,  0.5592,  0.0238,  -0.3395,  0.9166],  
 [2.4027,  -28.1846,  1.7683,  0.0282,  0.2318,  0.5983,  54.8827,  192.1002,  19.5383,  1.2660,  2.2048,  -7.9764,  8.2825,  -4.5448,  -10.0963,  2.4742,  -1.8207,  -0.2055,  39.7284,  23.5604,  -1.2661,  0.7999,  0.4572,  -2.2145,  12.3778,  -19.3282,  -0.1727,  0.3927,  0.1435,  1.0011],  
 [2.9045,  -12.5011,  -8.6033,  -0.6098,  0.1922,  0.0476,  -72.2555,  19.5383,  454.3934,  23.2603,  8.5119,  -12.7048,  7.9318,  6.0415,  -16.9400,  2.4939,  -2.0992,  -0.2613,  23.4268,  5.5084,  38.0014,  2.2743,  0.7298,  -2.0762,  16.2696,  0.9457,  -9.6039,  -0.0148,  -0.0422,  0.0603],  
 [0.0995,  0.2879,  -0.7591,  -0.0128,  0.0052,  0.0065,  -5.1401,  1.2660,  23.2603,  1.5582,  0.3844,  -0.4803,  0.0691,  -0.0081,  -0.0455,  0.0196,  -0.0522,  0.0079,  0.3971,  0.5079,  2.7733,  0.1929,  0.0359,  -0.0888,  0.0290,  0.2238,  -0.5227,  0.0007,  0.0104,  -0.0015],  
 [-0.0745,  -0.5054,  -0.0617,  -0.0218,  0.0045,  0.0206,  -1.8939,  2.2048,  8.5119,  0.3844,  0.5350,  -0.2229,  0.0915,  0.0212,  -0.6247,  0.0959,  -0.1241,  -0.0040,  1.5782,  0.4813,  0.0121,  -0.0003,  0.1057,  -0.0897,  -0.0273,  0.1240,  -0.1342,  -0.0047,  -0.0097,  0.0241],  
 [0.1623,  2.1272,  0.4997,  0.0404,  -0.0278,  -0.0543,  -12.4993,  -7.9764,  -12.7048,  -0.4803,  -0.2229,  1.6589,  -1.0119,  -0.1662,  0.6536,  -0.2491,  0.2847,  0.0301,  -5.5614,  -1.5956,  -0.4777,  -0.0866,  -0.0871,  0.3147,  -0.8947,  0.2280,  -0.3573,  -0.0371,  0.0080,  -0.0562],  
 [4.7825,  -0.9192,  -0.8780,  0.0461,  -0.0153,  0.4025,  0.7601,  8.2825,  7.9318,  0.0691,  0.0915,  -1.0119,  8.4050,  0.0374,  -0.5713,  0.3045,  -0.2025,  0.1642,  8.0240,  -0.7472,  -2.1356,  0.0150,  0.1922,  0.1013,  2.1597,  -2.5897,  1.1834,  0.1141,  -0.0086,  -0.2855],  
 [-8.1960,  5.7346,  3.0173,  -0.1211,  -0.0560,  -0.5221,  -4.7538,  -4.5448,  6.0415,  -0.0081,  0.0212,  -0.1662,  0.0374,  21.6169,  -5.0185,  -0.0319,  0.3580,  -0.0399,  -12.3818,  -4.6770,  2.6097,  -0.0082,  -0.1260,  0.2558,  -4.1816,  5.0902,  4.0418,  0.0396,  -0.0185,  -0.6469],  
 [6.6866,  -6.4027,  -0.7265,  -0.4426,  -0.0113,  0.1691,  0.1943,  -10.0963,  -16.9400,  -0.0455,  -0.6247,  0.6536,  -0.5713,  -5.0185,  14.4256,  -0.3040,  0.4417,  0.1205,  2.2814,  -3.6355,  -4.7524,  0.0772,  -0.2479,  -0.0943,  -2.9307,  -7.6310,  -0.1890,  0.4107,  0.0377,  0.0837],  
 [0.4615,  -0.9601,  -0.8789,  -0.0038,  -0.0064,  -0.0059,  1.0852,  2.4742,  2.4939,  0.0196,  0.0959,  -0.2491,  0.3045,  -0.0319,  -0.3040,  0.2400,  -0.0574,  -0.0116,  0.8361,  -0.5640,  -0.7740,  -0.0115,  -0.0203,  0.0109,  0.8028,  -0.1868,  0.7668,  -0.0025,  0.0071,  0.0310],  
 [-0.6674,  -0.2114,  0.6310,  -0.0195,  -0.0023,  -0.0808,  -4.0733,  -1.8207,  -2.0992,  -0.0522,  -0.1241,  0.2847,  -0.2025,  0.3580,  0.4417,  -0.0574,  0.2485,  0.0035,  -4.6441,  -1.1108,  -0.6589,  -0.0560,  -0.1040,  0.2129,  -0.4178,  -0.4795,  0.5887,  -0.0084,  0.0043,  -0.0802],  
 [0.4385,  0.1332,  -0.0671,  -0.0007,  -0.0007,  0.0139,  -0.0255,  -0.2055,  -0.2613,  0.0079,  -0.0040,  0.0301,  0.1642,  -0.0399,  0.1205,  -0.0116,  0.0035,  0.0398,  0.2419,  0.0116,  -0.2064,  -0.0028,  -0.0010,  0.0101,  -0.5255,  -0.0284,  -0.0299,  -0.0026,  -0.0022,  -0.0268],  
 [47.4322,  3.8339,  -4.4213,  0.4386,  -0.0661,  2.6801,  75.8156,  39.7284,  23.4268,  0.3971,  1.5782,  -5.5614,  8.0240,  -12.3818,  2.2814,  0.8361,  -4.6441,  0.2419,  233.0056,  55.5184,  -70.7029,  -2.7142,  -1.1365,  -11.0314,  31.0498,  -4.1401,  -11.4909,  1.0824,  0.0048,  2.1716],  
 [8.6060,  -10.6107,  -1.0020,  -0.0753,  0.2665,  0.8579,  16.5744,  23.5604,  5.5084,  0.5079,  0.4813,  -1.5956,  -0.7472,  -4.6770,  -3.6355,  -0.5640,  -1.1108,  0.0116,  55.5184,  151.0090,  -5.8347,  2.3604,  1.2742,  -5.4906,  9.7310,  -13.6631,  -0.6773,  0.2536,  0.2653,  0.8647],  
 [0.7775,  3.4855,  -12.4559,  0.5025,  -0.0196,  -0.0465,  -10.8442,  -1.2661,  38.0014,  2.7733,  0.0121,  -0.4777,  -2.1356,  2.6097,  -4.7524,  -0.7740,  -0.6589,  -0.2064,  -70.7029,  -5.8347,  321.0542,  18.1847,  6.3730,  -6.2023,  2.8850,  -6.4327,  -8.8757,  0.3597,  0.4604,  0.4076],  
 [0.3639,  0.1315,  -0.7357,  0.0215,  0.0094,  0.0168,  0.1253,  0.7999,  2.2743,  0.1929,  -0.0003,  -0.0866,  0.0150,  -0.0082,  0.0772,  -0.0115,  -0.0560,  -0.0028,  -2.7142,  2.3604,  18.1847,  1.2698,  0.3501,  -0.4491,  0.2068,  -0.3084,  -0.7035,  0.0175,  0.0275,  0.0302],  
 [1.0288,  0.1246,  -0.2675,  0.0206,  -0.0057,  0.0619,  0.6150,  0.4572,  0.7298,  0.0359,  0.1057,  -0.0871,  0.1922,  -0.1260,  -0.2479,  -0.0203,  -0.1040,  -0.0010,  -1.1365,  1.2742,  6.3730,  0.3501,  0.4265,  -0.1195,  0.7912,  -0.3468,  -0.1620,  0.0238,  0.0124,  0.0664],  
 [-1.7015,  0.0552,  -0.0252,  -0.0158,  -0.0063,  -0.0843,  -3.1871,  -2.2145,  -2.0762,  -0.0888,  -0.0897,  0.3147,  0.1013,  0.2558,  -0.0943,  0.0109,  0.2129,  0.0101,  -11.0314,  -5.4906,  -6.2023,  -0.4491,  -0.1195,  1.1019,  -1.7484,  1.0853,  0.6559,  -0.0722,  -0.0242,  -0.1089],  
 [40.8847,  3.7046,  -2.0555,  -0.0229,  -0.0024,  0.9259,  -22.0559,  12.3778,  16.2696,  0.0290,  -0.0273,  -0.8947,  2.1597,  -4.1816,  -2.9307,  0.8028,  -0.4178,  -0.5255,  31.0498,  9.7310,  2.8850,  0.2068,  0.7912,  -1.7484,  63.2347,  -5.4416,  -2.8166,  0.1015,  0.0383,  1.5895],  
 [-21.2131,  41.8635,  -6.8228,  -0.0567,  -0.3366,  -0.3828,  17.1817,  -19.3282,  0.9457,  0.2238,  0.1240,  0.2280,  -2.5897,  5.0902,  -7.6310,  -0.1868,  -0.4795,  -0.0284,  -4.1401,  -13.6631,  -6.4327,  -0.3084,  -0.3468,  1.0853,  -5.4416,  63.8195,  -6.9214,  0.0541,  -0.3911,  -0.5092],  
 [-2.0776,  -4.8997,  31.7294,  -0.1075,  -0.1099,  0.6538,  0.5592,  -0.1727,  -9.6039,  -0.5227,  -0.1342,  -0.3573,  1.1834,  4.0418,  -0.1890,  0.7668,  0.5887,  -0.0299,  -11.4909,  -0.6773,  -8.8757,  -0.7035,  -0.1620,  0.6559,  -2.8166,  -6.9214,  49.2437,  -0.2650,  0.0731,  0.6836],  
 [-0.0218,  0.0140,  -0.1805,  0.0523,  0.0066,  0.0008,  0.0238,  0.3927,  -0.0148,  0.0007,  -0.0047,  -0.0371,  0.1141,  0.0396,  0.4107,  -0.0025,  -0.0084,  -0.0026,  1.0824,  0.2536,  0.3597,  0.0175,  0.0238,  -0.0722,  0.1015,  0.0541,  -0.2650,  0.1833,  0.0012,  0.0076],  
 [0.0720,  -0.3637,  -0.1271,  -0.0049,  0.0298,  -0.0046,  -0.3395,  0.1435,  -0.0422,  0.0104,  -0.0097,  0.0080,  -0.0086,  -0.0185,  0.0377,  0.0071,  0.0043,  -0.0022,  0.0048,  0.2653,  0.4604,  0.0275,  0.0124,  -0.0242,  0.0383,  -0.3911,  0.0731,  0.0012,  0.0639,  0.0040],  
 [1.3321,  -0.4545,  0.7279,  0.0048,  -0.0013,  0.2616,  0.9166,  1.0011,  0.0603,  -0.0015,  0.0241,  -0.0562,  -0.2855,  -0.6469,  0.0837,  0.0310,  -0.0802,  -0.0268,  2.1716,  0.8647,  0.4076,  0.0302,  0.0664,  -0.1089,  1.5895,  -0.5092,  0.6836,  0.0076,  0.0040,  0.3446]]
